"","Kingdom","Phylum","Class","Order","Family","Genus","Species"
"ASV2","Bacteria","Proteobacteria","Gammaproteobacteria","Burkholderiales","Oxalobacteraceae","Undibacterium",NA
"ASV3","Bacteria","Firmicutes","Bacilli","Staphylococcales","Staphylococcaceae","Staphylococcus",NA
"ASV4","Bacteria","Actinobacteriota","Actinobacteria","Frankiales","Sporichthyaceae",NA,NA
"ASV5","Bacteria","Proteobacteria","Gammaproteobacteria","Enterobacterales","Aeromonadaceae","Aeromonas",NA
"ASV6","Bacteria","Firmicutes","Bacilli","Bacillales","Bacillaceae","Bacillus",NA
"ASV8","Bacteria","Actinobacteriota","Actinobacteria","Frankiales","Sporichthyaceae","hgcI clade",NA
"ASV9","Bacteria","Proteobacteria","Alphaproteobacteria","Rickettsiales","Candidatus Hepatincola",NA,NA
"ASV11","Bacteria","Proteobacteria","Gammaproteobacteria","Burkholderiales","Comamonadaceae","Rhodoferax",NA
"ASV12","Bacteria","Proteobacteria","Gammaproteobacteria","Enterobacterales","Enterobacteriaceae","Escherichia-Shigella",NA
"ASV13","Bacteria","Firmicutes","Bacilli","Lactobacillales","Listeriaceae","Listeria",NA
"ASV14","Bacteria","Bacteroidota","Bacteroidia","Flavobacteriales","Flavobacteriaceae","Flavobacterium",NA
"ASV15","Bacteria","Actinobacteriota","Actinobacteria","Frankiales","Sporichthyaceae","Candidatus Planktophila",NA
"ASV16","Bacteria","Bacteroidota","Bacteroidia","Flavobacteriales","Flavobacteriaceae","Flavobacterium",NA
"ASV17","Bacteria","Proteobacteria","Gammaproteobacteria","Enterobacterales","Enterobacteriaceae","Salmonella",NA
"ASV18","Bacteria","Proteobacteria","Gammaproteobacteria","Burkholderiales","Comamonadaceae","Rhodoferax",NA
"ASV20","Bacteria","Bacteroidota","Bacteroidia","Flavobacteriales","Flavobacteriaceae","Flavobacterium",NA
"ASV21","Bacteria","Proteobacteria","Gammaproteobacteria","Burkholderiales","Burkholderiaceae","Polynucleobacter",NA
"ASV22","Bacteria","Bacteroidota","Bacteroidia","Sphingobacteriales","env.OPS 17",NA,NA
"ASV23","Bacteria","Proteobacteria","Alphaproteobacteria","SAR11 clade","Clade III",NA,NA
"ASV24","Bacteria","Proteobacteria","Alphaproteobacteria","Rickettsiales","Candidatus Hepatincola",NA,NA
"ASV25","Bacteria","Firmicutes","Bacilli","Lactobacillales","Enterococcaceae","Enterococcus",NA
"ASV26","Bacteria","Bacteroidota","Bacteroidia","Chitinophagales","Chitinophagaceae","Dinghuibacter",NA
"ASV27","Bacteria","Proteobacteria","Gammaproteobacteria","Burkholderiales","Comamonadaceae","Rhodoferax",NA
"ASV28","Bacteria","Proteobacteria","Gammaproteobacteria","Burkholderiales","Comamonadaceae","Limnohabitans",NA
"ASV29","Bacteria","Proteobacteria","Gammaproteobacteria","Burkholderiales","Comamonadaceae","Rhodoferax",NA
"ASV30","Bacteria","Proteobacteria","Gammaproteobacteria","Burkholderiales","Methylophilaceae","Candidatus Methylopumilus",NA
"ASV31","Bacteria","Bacteroidota","Bacteroidia","Cytophagales","Spirosomaceae","Pseudarcicella",NA
"ASV32","Bacteria","Proteobacteria","Gammaproteobacteria","Pseudomonadales","Pseudomonadaceae","Pseudomonas",NA
"ASV33","Bacteria","Proteobacteria","Gammaproteobacteria","Burkholderiales","Comamonadaceae","Limnohabitans",NA
"ASV34","Bacteria","Proteobacteria","Gammaproteobacteria","Burkholderiales","Comamonadaceae",NA,NA
"ASV35","Bacteria","Bacteroidota","Bacteroidia","Chitinophagales","Chitinophagaceae","Sediminibacterium",NA
"ASV36","Bacteria","Proteobacteria","Gammaproteobacteria","Burkholderiales","Chitinibacteraceae","Iodobacter","fluviatilis"
"ASV37","Bacteria","Verrucomicrobiota","Verrucomicrobiae","Methylacidiphilales","Methylacidiphilaceae",NA,NA
"ASV38","Bacteria","Proteobacteria","Gammaproteobacteria","Burkholderiales","T34",NA,NA
"ASV39","Bacteria","Proteobacteria","Gammaproteobacteria","Burkholderiales","Comamonadaceae",NA,NA
"ASV40","Bacteria","Proteobacteria","Gammaproteobacteria","Burkholderiales","Comamonadaceae","Ideonella","paludis"
"ASV41","Bacteria","Bacteroidota","Bacteroidia","Cytophagales","Spirosomaceae","Pseudarcicella",NA
"ASV42","Bacteria","Bacteroidota","Bacteroidia","Chitinophagales","Chitinophagaceae","Sediminibacterium",NA
"ASV43","Bacteria","Verrucomicrobiota","Verrucomicrobiae","Chthoniobacterales","Terrimicrobiaceae","FukuN18 freshwater group",NA
"ASV44","Bacteria","Actinobacteriota","Actinobacteria","Frankiales","Sporichthyaceae","hgcI clade",NA
"ASV45","Bacteria","Proteobacteria","Gammaproteobacteria","Pseudomonadales","Moraxellaceae","Acinetobacter",NA
"ASV46","Bacteria","Bacteroidota","Bacteroidia","Flavobacteriales","Flavobacteriaceae","Flavobacterium","aquatile"
"ASV47","Bacteria","Cyanobacteria","Cyanobacteriia","Synechococcales","Cyanobiaceae","Cyanobium PCC-6307",NA
"ASV48","Bacteria","Proteobacteria","Gammaproteobacteria","Burkholderiales","Comamonadaceae","Limnohabitans",NA
"ASV49","Bacteria","Armatimonadota","Armatimonadia","Armatimonadales","Armatimonadaceae","Armatimonas",NA
"ASV50","Bacteria","Actinobacteriota","Actinobacteria","Frankiales","Sporichthyaceae","Candidatus Planktophila",NA
"ASV51","Bacteria","Verrucomicrobiota","Verrucomicrobiae","Verrucomicrobiales","Verrucomicrobiaceae","Prosthecobacter",NA
"ASV52","Bacteria","Bacteroidota","Bacteroidia","Flavobacteriales","Flavobacteriaceae","Flavobacterium",NA
"ASV54","Bacteria","Actinobacteriota","Actinobacteria","Frankiales","Sporichthyaceae","hgcI clade",NA
"ASV55","Bacteria","Proteobacteria","Gammaproteobacteria","Enterobacterales","Aeromonadaceae","Aeromonas",NA
"ASV56","Bacteria","Bacteroidota","Bacteroidia","Chitinophagales","Saprospiraceae",NA,NA
"ASV57","Bacteria","Bacteroidota","Bacteroidia","Cytophagales","Cyclobacteriaceae","Algoriphagus",NA
"ASV58","Bacteria","Verrucomicrobiota","Verrucomicrobiae","Methylacidiphilales","Methylacidiphilaceae",NA,NA
"ASV59","Bacteria","Actinobacteriota","Acidimicrobiia","Microtrichales","Ilumatobacteraceae","CL500-29 marine group",NA
"ASV60","Bacteria","Verrucomicrobiota","Verrucomicrobiae","Pedosphaerales","Pedosphaeraceae","SH3-11",NA
"ASV61","Bacteria","Proteobacteria","Gammaproteobacteria","Burkholderiales","Methylophilaceae","Candidatus Methylopumilus",NA
"ASV62","Bacteria","Proteobacteria","Alphaproteobacteria","Sphingomonadales","Sphingomonadaceae","Sphingorhabdus","wooponensis"
"ASV63","Bacteria","Bacteroidota","Bacteroidia","Flavobacteriales","Flavobacteriaceae","Flavobacterium","chuncheonense"
"ASV64","Bacteria","Bacteroidota","Bacteroidia","Flavobacteriales","Flavobacteriaceae","Flavobacterium",NA
"ASV65","Bacteria","Bacteroidota","Bacteroidia","Cytophagales","Spirosomaceae","Emticicia",NA
"ASV66","Bacteria","Proteobacteria","Gammaproteobacteria","Burkholderiales","Comamonadaceae",NA,NA
"ASV67","Bacteria","Proteobacteria","Gammaproteobacteria","Burkholderiales","Comamonadaceae","Simplicispira",NA
"ASV68","Bacteria","Bacteroidota","Bacteroidia","Sphingobacteriales","NS11-12 marine group",NA,NA
"ASV70","Bacteria","Proteobacteria","Gammaproteobacteria","Burkholderiales","Burkholderiaceae","Polynucleobacter",NA
"ASV71","Bacteria","Bacteroidota","Bacteroidia","Flavobacteriales","Flavobacteriaceae","Flavobacterium",NA
"ASV72","Bacteria","Bacteroidota","Bacteroidia","Flavobacteriales","Flavobacteriaceae","Flavobacterium",NA
"ASV73","Bacteria","Bacteroidota","Bacteroidia","Cytophagales","Spirosomaceae","Emticicia","paludis"
"ASV74","Bacteria","Bacteroidota","Bacteroidia","Cytophagales","Spirosomaceae","Emticicia","sediminis"
"ASV75","Bacteria","Proteobacteria","Gammaproteobacteria","Burkholderiales","Comamonadaceae","Rhodoferax",NA
"ASV76","Bacteria","Bacteroidota","Bacteroidia","Flavobacteriales","Flavobacteriaceae","Flavobacterium",NA
"ASV77","Bacteria","Proteobacteria","Alphaproteobacteria","Acetobacterales","Acetobacteraceae","Rhodovarius",NA
"ASV78","Bacteria","Proteobacteria","Gammaproteobacteria","Burkholderiales","Comamonadaceae",NA,NA
"ASV79","Bacteria","Bacteroidota","Bacteroidia","Cytophagales","Spirosomaceae","Emticicia",NA
"ASV80","Bacteria","Proteobacteria","Alphaproteobacteria","Caulobacterales","Caulobacteraceae","Caulobacter",NA
"ASV81","Bacteria","Bacteroidota","Bacteroidia","Sphingobacteriales","NS11-12 marine group",NA,NA
"ASV82","Bacteria","Bacteroidota","Bacteroidia","Flavobacteriales","Crocinitomicaceae","Fluviicola",NA
"ASV83","Bacteria","Bacteroidota","Bacteroidia","Flavobacteriales","Flavobacteriaceae","Flavobacterium","buctense"
"ASV84","Bacteria","Proteobacteria","Gammaproteobacteria","Burkholderiales","Comamonadaceae",NA,NA
"ASV85","Bacteria","Proteobacteria","Gammaproteobacteria","Burkholderiales",NA,NA,NA
"ASV87","Bacteria","Proteobacteria","Gammaproteobacteria","Burkholderiales","Comamonadaceae","Rhodoferax",NA
"ASV88","Bacteria","Bacteroidota","Bacteroidia","Flavobacteriales","Crocinitomicaceae","Fluviicola",NA
"ASV89","Bacteria","Actinobacteriota","Actinobacteria","Frankiales","Sporichthyaceae","Candidatus Planktophila",NA
"ASV90","Bacteria","Bacteroidota","Bacteroidia","Flavobacteriales","Flavobacteriaceae","Flavobacterium",NA
"ASV91","Bacteria","Proteobacteria","Gammaproteobacteria","Burkholderiales","Oxalobacteraceae","Oxalicibacterium",NA
"ASV92","Bacteria","Proteobacteria","Gammaproteobacteria","Pseudomonadales","Pseudomonadaceae","Pseudomonas",NA
"ASV93","Bacteria","Proteobacteria","Gammaproteobacteria","Burkholderiales","Comamonadaceae","Roseateles",NA
"ASV94","Bacteria","Bacteroidota","Bacteroidia","Flavobacteriales","Crocinitomicaceae","Fluviicola",NA
"ASV95","Bacteria","Actinobacteriota","Actinobacteria","Frankiales","Sporichthyaceae",NA,NA
"ASV96","Bacteria","Proteobacteria","Gammaproteobacteria","Burkholderiales","Comamonadaceae","Piscinibacter",NA
"ASV97","Bacteria","Bacteroidota","Bacteroidia","Flavobacteriales","Weeksellaceae","Chryseobacterium",NA
"ASV98","Bacteria","Proteobacteria","Gammaproteobacteria","Enterobacterales","Enterobacteriaceae","Salmonella","enterica"
"ASV99","Bacteria","Bacteroidota","Bacteroidia","Flavobacteriales","Flavobacteriaceae","Flavobacterium",NA
"ASV100","Bacteria","Bacteroidota","Bacteroidia","Flavobacteriales","Flavobacteriaceae","Flavobacterium",NA
"ASV101","Bacteria","Proteobacteria","Alphaproteobacteria","Rhodobacterales","Rhodobacteraceae","Pseudorhodobacter",NA
"ASV102","Bacteria","Bacteroidota","Bacteroidia","Flavobacteriales","Crocinitomicaceae","Fluviicola",NA
"ASV103","Bacteria","Bacteroidota","Bacteroidia","Flavobacteriales","Flavobacteriaceae","Flavobacterium",NA
"ASV104","Bacteria","Bacteroidota","Bacteroidia","Cytophagales","Spirosomaceae","Arcicella",NA
"ASV105","Bacteria","Proteobacteria","Gammaproteobacteria","Burkholderiales","Alcaligenaceae","GKS98 freshwater group",NA
"ASV106","Bacteria","Proteobacteria","Gammaproteobacteria","Burkholderiales","Comamonadaceae","Aquabacterium","commune"
"ASV107","Bacteria","Proteobacteria","Gammaproteobacteria","Pseudomonadales","Pseudomonadaceae","Pseudomonas",NA
"ASV108","Bacteria","Proteobacteria","Gammaproteobacteria","Burkholderiales","Comamonadaceae","Polaromonas",NA
"ASV109","Bacteria","Proteobacteria","Alphaproteobacteria","Sphingomonadales","Sphingomonadaceae","Sphingorhabdus","planktonica"
"ASV110","Bacteria","Actinobacteriota","Acidimicrobiia","Microtrichales","Ilumatobacteraceae","CL500-29 marine group",NA
"ASV111","Bacteria","Proteobacteria","Alphaproteobacteria","Sphingomonadales","Sphingomonadaceae","Sandarakinorhabdus","limnophila"
"ASV112","Bacteria","Proteobacteria","Gammaproteobacteria","Burkholderiales","Comamonadaceae","Rhodoferax","saidenbachensis"
"ASV113","Bacteria","Bacteroidota","Bacteroidia","Chitinophagales","Chitinophagaceae","Sediminibacterium",NA
"ASV114","Bacteria","Verrucomicrobiota","Verrucomicrobiae","Chthoniobacterales","Terrimicrobiaceae","Terrimicrobium",NA
"ASV115","Bacteria","Proteobacteria","Gammaproteobacteria","Burkholderiales","Alcaligenaceae","GKS98 freshwater group",NA
"ASV117","Bacteria","Actinobacteriota","Actinobacteria","Frankiales","Sporichthyaceae",NA,NA
"ASV119","Bacteria","Verrucomicrobiota","Verrucomicrobiae","Chthoniobacterales","Terrimicrobiaceae","FukuN18 freshwater group",NA
"ASV120","Bacteria","Bacteroidota","Bacteroidia","Chitinophagales","Chitinophagaceae","Ferruginibacter",NA
"ASV123","Bacteria","Bacteroidota","Bacteroidia","Flavobacteriales","Flavobacteriaceae","Flavobacterium",NA
"ASV124","Bacteria","Bacteroidota","Bacteroidia","Sphingobacteriales","LiUU-11-161",NA,NA
"ASV125","Bacteria","Actinobacteriota","Actinobacteria","Micrococcales","Microbacteriaceae","Candidatus Planktoluna",NA
"ASV126","Bacteria","Bacteroidota","Bacteroidia","Chitinophagales","Chitinophagaceae","Ferruginibacter",NA
"ASV127","Bacteria","Bacteroidota","Bacteroidia","Flavobacteriales","Crocinitomicaceae","Fluviicola",NA
"ASV129","Bacteria","Verrucomicrobiota","Verrucomicrobiae","Verrucomicrobiales","Rubritaleaceae","Luteolibacter",NA
"ASV130","Bacteria","Proteobacteria","Gammaproteobacteria","Burkholderiales","Burkholderiaceae","Polynucleobacter","cosmopolitanus"
"ASV131","Bacteria","Bacteroidota","Bacteroidia","Sphingobacteriales","env.OPS 17",NA,NA
"ASV132","Bacteria","Proteobacteria","Gammaproteobacteria","Burkholderiales","Comamonadaceae","Simplicispira",NA
"ASV133","Bacteria","Actinobacteriota","Actinobacteria","Frankiales","Sporichthyaceae","Candidatus Planktophila",NA
"ASV134","Bacteria","Bacteroidota","Bacteroidia","Flavobacteriales","NS9 marine group",NA,NA
"ASV135","Bacteria","Proteobacteria","Alphaproteobacteria","Sphingomonadales","Sphingomonadaceae","Parablastomonas",NA
"ASV136","Bacteria","Proteobacteria","Alphaproteobacteria","Rhodobacterales","Rhodobacteraceae","Rhodobacter",NA
"ASV137","Bacteria","Proteobacteria","Gammaproteobacteria","Enterobacterales","Aeromonadaceae","Aeromonas",NA
"ASV138","Bacteria","Verrucomicrobiota","Verrucomicrobiae","Chthoniobacterales","Chthoniobacteraceae","Chthoniobacter",NA
"ASV139","Bacteria","Verrucomicrobiota","Verrucomicrobiae","Verrucomicrobiales","Rubritaleaceae","Luteolibacter",NA
"ASV140","Bacteria","Verrucomicrobiota","Verrucomicrobiae","Opitutales","Opitutaceae","IMCC26134",NA
"ASV141","Bacteria","Proteobacteria","Gammaproteobacteria","Burkholderiales","Comamonadaceae","Rhodoferax",NA
"ASV142","Bacteria","Proteobacteria","Gammaproteobacteria","Pseudomonadales","Pseudomonadaceae","Pseudomonas",NA
"ASV145","Bacteria","Proteobacteria","Gammaproteobacteria","Burkholderiales","Comamonadaceae","Hydrogenophaga",NA
"ASV147","Bacteria","Verrucomicrobiota","Verrucomicrobiae","Opitutales","Opitutaceae","IMCC26134",NA
"ASV149","Bacteria","Bacteroidota","Bacteroidia","Flavobacteriales","Crocinitomicaceae","Fluviicola",NA
"ASV150","Bacteria","Verrucomicrobiota","Verrucomicrobiae","Chthoniobacterales","Terrimicrobiaceae","Terrimicrobium",NA
"ASV151","Bacteria","Cyanobacteria","Cyanobacteriia","Synechococcales","Cyanobiaceae","Cyanobium PCC-6307",NA
"ASV153","Bacteria","Bacteroidota","Bacteroidia","Chitinophagales",NA,NA,NA
"ASV155","Bacteria","Armatimonadota","Fimbriimonadia","Fimbriimonadales","Fimbriimonadaceae",NA,NA
"ASV156","Bacteria","Verrucomicrobiota","Verrucomicrobiae","Verrucomicrobiales","Rubritaleaceae","Luteolibacter",NA
"ASV157","Bacteria","Bacteroidota","Bacteroidia","Flavobacteriales","NS9 marine group",NA,NA
"ASV158","Bacteria","Verrucomicrobiota","Verrucomicrobiae","Verrucomicrobiales","Rubritaleaceae","Luteolibacter",NA
"ASV159","Bacteria","Bacteroidota","Bacteroidia","Flavobacteriales","Weeksellaceae","Chryseobacterium",NA
"ASV160","Bacteria","Proteobacteria","Gammaproteobacteria","Burkholderiales","Chitinibacteraceae","Iodobacter","limnosediminis"
"ASV161","Bacteria","Actinobacteriota","Actinobacteria","Corynebacteriales","Mycobacteriaceae","Mycobacterium",NA
"ASV162","Bacteria","Actinobacteriota","Acidimicrobiia","Microtrichales",NA,NA,NA
"ASV163","Bacteria","Proteobacteria","Gammaproteobacteria","Burkholderiales","Methylophilaceae","Methylotenera",NA
"ASV165","Bacteria","Bacteroidota","Bacteroidia","Sphingobacteriales","NS11-12 marine group",NA,NA
"ASV166","Bacteria","Verrucomicrobiota","Verrucomicrobiae","Opitutales","Opitutaceae","IMCC26134",NA
"ASV168","Bacteria","Firmicutes","Bacilli","Exiguobacterales","Exiguobacteraceae","Exiguobacterium",NA
"ASV169","Bacteria","Proteobacteria","Gammaproteobacteria","Burkholderiales","Burkholderiaceae","Polynucleobacter",NA
"ASV170","Bacteria","Bacteroidota","Bacteroidia","Chitinophagales","Chitinophagaceae","Dinghuibacter",NA
"ASV171","Bacteria","Proteobacteria","Gammaproteobacteria","Enterobacterales","Aeromonadaceae","Aeromonas",NA
"ASV172","Bacteria","Actinobacteriota","Actinobacteria","Frankiales","Sporichthyaceae","hgcI clade",NA
"ASV173","Bacteria","Bacteroidota","Bacteroidia","Flavobacteriales","Flavobacteriaceae","Flavobacterium",NA
"ASV175","Bacteria","Proteobacteria","Gammaproteobacteria","Pseudomonadales","Pseudomonadaceae","Pseudomonas",NA
"ASV176","Bacteria","Bacteroidota","Bacteroidia","Chitinophagales","Chitinophagaceae",NA,NA
"ASV178","Bacteria","Actinobacteriota","Actinobacteria","Frankiales","Sporichthyaceae","hgcI clade",NA
"ASV180","Bacteria","Actinobacteriota","Actinobacteria","Frankiales","Sporichthyaceae","hgcI clade",NA
"ASV181","Bacteria","Bacteroidota","Bacteroidia","Chitinophagales","Chitinophagaceae","Ferruginibacter",NA
"ASV182","Bacteria","Proteobacteria","Alphaproteobacteria","Caulobacterales","Caulobacteraceae","Brevundimonas",NA
"ASV183","Bacteria","Bacteroidota","Bacteroidia","Flavobacteriales","Flavobacteriaceae","Flavobacterium",NA
"ASV184","Bacteria","Proteobacteria","Gammaproteobacteria","Burkholderiales","Burkholderiaceae","Polynucleobacter",NA
"ASV186","Bacteria","Bacteroidota","Bacteroidia","Sphingobacteriales","NS11-12 marine group",NA,NA
"ASV187","Bacteria","Bacteroidota","Bacteroidia","Flavobacteriales","Flavobacteriaceae","Flavobacterium",NA
"ASV188","Bacteria","Proteobacteria","Gammaproteobacteria","Burkholderiales","Comamonadaceae","Acidovorax",NA
"ASV189","Bacteria","Bacteroidota","Bacteroidia","Flavobacteriales","Flavobacteriaceae","Flavobacterium",NA
"ASV191","Bacteria","Actinobacteriota","Actinobacteria","Frankiales","Sporichthyaceae","hgcI clade",NA
"ASV192","Bacteria","Actinobacteriota","Actinobacteria","Frankiales","Sporichthyaceae","Candidatus Planktophila",NA
"ASV193","Bacteria","Bacteroidota","Bacteroidia","Flavobacteriales","NS9 marine group",NA,NA
"ASV194","Bacteria","Proteobacteria","Gammaproteobacteria","Burkholderiales","Oxalobacteraceae",NA,NA
"ASV195","Bacteria","Proteobacteria","Alphaproteobacteria","Rickettsiales",NA,NA,NA
"ASV196","Bacteria","Proteobacteria","Gammaproteobacteria","Burkholderiales","Comamonadaceae","Rhodoferax",NA
"ASV197","Bacteria","Bacteroidota","Bacteroidia","Flavobacteriales","Flavobacteriaceae","Flavobacterium",NA
"ASV198","Bacteria","Bacteroidota","Bacteroidia","Chitinophagales","Chitinophagaceae",NA,NA
"ASV199","Bacteria","Bacteroidota","Bacteroidia","Sphingobacteriales","NS11-12 marine group",NA,NA
"ASV200","Bacteria","Proteobacteria","Gammaproteobacteria","Burkholderiales","Oxalobacteraceae","Undibacterium",NA
"ASV201","Bacteria","Verrucomicrobiota","Verrucomicrobiae","Chthoniobacterales","Terrimicrobiaceae","FukuN18 freshwater group",NA
"ASV202","Bacteria","Planctomycetota","Planctomycetes","Pirellulales","Pirellulaceae",NA,NA
"ASV203","Bacteria","Verrucomicrobiota","Verrucomicrobiae","Opitutales","Opitutaceae","Cephaloticoccus",NA
"ASV204","Bacteria","Proteobacteria","Gammaproteobacteria","Burkholderiales",NA,NA,NA
"ASV205","Bacteria","Proteobacteria","Alphaproteobacteria","Sphingomonadales","Sphingomonadaceae","Polymorphobacter","fuscus"
"ASV207","Bacteria","Bacteroidota","Bacteroidia","Chitinophagales","Saprospiraceae",NA,NA
"ASV208","Bacteria","Armatimonadota","Armatimonadia","Armatimonadales","Armatimonadaceae","Armatimonas","rosea"
"ASV209","Bacteria","Bacteroidota","Bacteroidia","Flavobacteriales","Flavobacteriaceae","Flavobacterium",NA
"ASV210","Bacteria","Bacteroidota","Bacteroidia","Flavobacteriales","NS9 marine group",NA,NA
"ASV211","Bacteria","Bacteroidota","Bacteroidia","Flavobacteriales","Crocinitomicaceae","Fluviicola",NA
"ASV212","Bacteria","Bacteroidota","Bacteroidia","Cytophagales","Amoebophilaceae","Candidatus Paenicardinium",NA
"ASV215","Bacteria","Bacteroidota","Bacteroidia","Cytophagales","Microscillaceae",NA,NA
"ASV216","Bacteria","Actinobacteriota","Actinobacteria","Micrococcales","Microbacteriaceae","Candidatus Planktoluna",NA
"ASV217","Bacteria","Proteobacteria","Alphaproteobacteria","Acetobacterales","Acetobacteraceae","Rhodovarius",NA
"ASV218","Bacteria","Bacteroidota","Bacteroidia","Flavobacteriales","NS9 marine group",NA,NA
"ASV219","Bacteria","Proteobacteria","Gammaproteobacteria","Burkholderiales","Burkholderiaceae","Polynucleobacter",NA
"ASV221","Bacteria","Proteobacteria","Gammaproteobacteria","Pseudomonadales","Pseudomonadaceae","Pseudomonas",NA
"ASV222","Bacteria","Planctomycetota","Planctomycetes","Gemmatales","Gemmataceae",NA,NA
"ASV223","Bacteria","Proteobacteria","Gammaproteobacteria","Burkholderiales","Oxalobacteraceae",NA,NA
"ASV224","Bacteria","Verrucomicrobiota","Verrucomicrobiae","Verrucomicrobiales","Verrucomicrobiaceae",NA,NA
"ASV225","Bacteria","Bacteroidota","Bacteroidia","Cytophagales","Microscillaceae",NA,NA
"ASV226","Bacteria","Proteobacteria","Gammaproteobacteria","Burkholderiales","Comamonadaceae","Paucibacter",NA
"ASV227","Bacteria","Actinobacteriota","Actinobacteria","Frankiales","Sporichthyaceae","hgcI clade",NA
"ASV228","Bacteria","Bacteroidota","Bacteroidia","Flavobacteriales","Crocinitomicaceae","Fluviicola",NA
"ASV229","Bacteria","Proteobacteria","Gammaproteobacteria","Pseudomonadales","Moraxellaceae","Acinetobacter",NA
"ASV230","Bacteria","Proteobacteria","Gammaproteobacteria","Burkholderiales","Methylophilaceae","Methylotenera",NA
"ASV231","Bacteria","Bacteroidota","Bacteroidia","Sphingobacteriales","NS11-12 marine group",NA,NA
"ASV233","Bacteria","Bacteroidota","Bacteroidia","Chitinophagales","Chitinophagaceae","Ferruginibacter",NA
"ASV234","Bacteria","Proteobacteria","Gammaproteobacteria","Pseudomonadales","Moraxellaceae","Acinetobacter",NA
"ASV236","Bacteria","Bacteroidota","Bacteroidia","Flavobacteriales","Crocinitomicaceae","Fluviicola",NA
"ASV237","Bacteria","Bacteroidota","Bacteroidia","Sphingobacteriales","NS11-12 marine group",NA,NA
"ASV238","Bacteria","Bacteroidota","Bacteroidia","Chitinophagales","Chitinophagaceae","Sediminibacterium",NA
"ASV239","Bacteria","Bacteroidota","Bacteroidia","Chitinophagales","Chitinophagaceae","Aurantisolimonas",NA
"ASV240","Bacteria","Proteobacteria","Gammaproteobacteria","Pseudomonadales","Pseudomonadaceae","Pseudomonas",NA
"ASV241","Bacteria","Proteobacteria","Gammaproteobacteria","Burkholderiales","Oxalobacteraceae","Herbaspirillum","rhizosphaerae"
"ASV242","Bacteria","Bacteroidota","Bacteroidia","Flavobacteriales","Flavobacteriaceae","Flavobacterium",NA
"ASV245","Bacteria","Proteobacteria","Alphaproteobacteria","Rhodobacterales","Rhodobacteraceae","Pseudorhodobacter",NA
"ASV246","Bacteria","Planctomycetota","Phycisphaerae","Phycisphaerales","Phycisphaeraceae","CL500-3",NA
"ASV247","Bacteria","Proteobacteria","Gammaproteobacteria","Pseudomonadales","Moraxellaceae","Cavicella",NA
"ASV250","Bacteria","Bacteroidota","Bacteroidia","Flavobacteriales","Flavobacteriaceae","Flavobacterium","soyangense"
"ASV252","Bacteria","Proteobacteria","Gammaproteobacteria","Burkholderiales","Alcaligenaceae",NA,NA
"ASV253","Bacteria","Proteobacteria","Gammaproteobacteria","Enterobacterales",NA,NA,NA
"ASV254","Bacteria","Bacteroidota","Bacteroidia","Flavobacteriales","Crocinitomicaceae","Fluviicola",NA
"ASV255","Bacteria","Armatimonadota","Fimbriimonadia","Fimbriimonadales","Fimbriimonadaceae",NA,NA
"ASV256","Bacteria","Proteobacteria","Gammaproteobacteria","Burkholderiales","Comamonadaceae","Limnohabitans",NA
"ASV257","Bacteria","Bacteroidota","Bacteroidia","Flavobacteriales","Crocinitomicaceae","Fluviicola",NA
"ASV258","Bacteria","Bacteroidota","Bacteroidia","Flavobacteriales","Flavobacteriaceae","Flavobacterium",NA
"ASV259","Bacteria","Proteobacteria","Gammaproteobacteria","Burkholderiales","Oxalobacteraceae","Massilia",NA
"ASV260","Bacteria","Bacteroidota","Bacteroidia","Cytophagales","Spirosomaceae","Emticicia",NA
"ASV261","Bacteria","Actinobacteriota","Actinobacteria","Frankiales","Sporichthyaceae","Candidatus Planktophila",NA
"ASV262","Bacteria","Actinobacteriota","Actinobacteria","Frankiales","Sporichthyaceae","hgcI clade",NA
"ASV263","Bacteria","Proteobacteria","Gammaproteobacteria","Burkholderiales","Chitinibacteraceae","Deefgea",NA
"ASV264","Bacteria","Bacteroidota","Bacteroidia","Flavobacteriales","Flavobacteriaceae","Flavobacterium",NA
"ASV265","Bacteria","Armatimonadota","Armatimonadia","Armatimonadales","Armatimonadaceae","Armatimonas",NA
"ASV266","Bacteria","Bacteroidota","Bacteroidia","Flavobacteriales","Flavobacteriaceae","Flavobacterium",NA
"ASV267","Bacteria","Bacteroidota","Bacteroidia","Flavobacteriales","Flavobacteriaceae","Flavobacterium",NA
"ASV268","Bacteria","Proteobacteria","Gammaproteobacteria","Enterobacterales","Alteromonadaceae","Rheinheimera","coerulea"
"ASV269","Bacteria","Proteobacteria","Gammaproteobacteria","Burkholderiales","Alcaligenaceae","Parvibium",NA
"ASV270","Bacteria","Proteobacteria","Alphaproteobacteria","Caulobacterales","Caulobacteraceae",NA,NA
"ASV271","Bacteria","Verrucomicrobiota","Verrucomicrobiae","Opitutales","Opitutaceae",NA,NA
"ASV272","Bacteria","Bacteroidota","Bacteroidia","Sphingobacteriales","Sphingobacteriaceae","Solitalea",NA
"ASV273","Bacteria","Proteobacteria","Gammaproteobacteria","Burkholderiales","Comamonadaceae",NA,NA
"ASV274","Bacteria","Proteobacteria","Alphaproteobacteria","Sphingomonadales","Sphingomonadaceae","Rhizorhapis",NA
"ASV276","Bacteria","Actinobacteriota","Actinobacteria","PeM15",NA,NA,NA
"ASV279","Bacteria","Bacteroidota","Bacteroidia","Chitinophagales","Chitinophagaceae",NA,NA
"ASV280","Bacteria","Patescibacteria","Saccharimonadia","Saccharimonadales","Saccharimonadaceae","TM7a",NA
"ASV281","Bacteria","Bacteroidota","Bacteroidia","Chitinophagales","Chitinophagaceae","Dinghuibacter",NA
"ASV283","Bacteria","Proteobacteria","Alphaproteobacteria","Rhizobiales","Beijerinckiaceae","alphaI cluster",NA
"ASV284","Bacteria","Verrucomicrobiota","Verrucomicrobiae","Chthoniobacterales","Terrimicrobiaceae","Terrimicrobium",NA
"ASV286","Bacteria","Proteobacteria","Gammaproteobacteria","Burkholderiales","Burkholderiaceae","Polynucleobacter","difficilis"
"ASV287","Bacteria","Armatimonadota","Armatimonadia","Armatimonadales",NA,NA,NA
"ASV288","Bacteria","Bacteroidota","Bacteroidia","Cytophagales","Spirosomaceae","Pseudarcicella",NA
"ASV291","Bacteria","Actinobacteriota","Actinobacteria","Micrococcales","Microbacteriaceae","Candidatus Limnoluna",NA
"ASV292","Bacteria","Bacteroidota","Bacteroidia","Flavobacteriales","Flavobacteriaceae","Flavobacterium",NA
"ASV293","Bacteria","Patescibacteria","Saccharimonadia","Saccharimonadales","LWQ8",NA,NA
"ASV294","Bacteria","Proteobacteria","Alphaproteobacteria","Caulobacterales","Caulobacteraceae","Brevundimonas","alba"
"ASV295","Bacteria","Proteobacteria","Alphaproteobacteria","Rickettsiales",NA,NA,NA
"ASV296","Bacteria","Bacteroidota","Bacteroidia","Cytophagales","Spirosomaceae","Flectobacillus","fontis"
"ASV298","Bacteria","Proteobacteria","Gammaproteobacteria","Burkholderiales","Comamonadaceae",NA,NA
"ASV299","Bacteria","Cyanobacteria","Cyanobacteriia","Synechococcales","Cyanobiaceae","Cyanobium PCC-6307",NA
"ASV303","Bacteria","Verrucomicrobiota","Verrucomicrobiae","Chthoniobacterales","Terrimicrobiaceae","FukuN18 freshwater group",NA
"ASV304","Bacteria","Proteobacteria","Gammaproteobacteria","Burkholderiales","Comamonadaceae","Rhodoferax",NA
"ASV305","Bacteria","Proteobacteria","Gammaproteobacteria","Burkholderiales","Comamonadaceae","Rhizobacter",NA
"ASV306","Bacteria","Proteobacteria","Alphaproteobacteria","Rhodobacterales","Rhodobacteraceae","Pseudorhodobacter",NA
"ASV307","Bacteria","Proteobacteria","Gammaproteobacteria","Pseudomonadales","Pseudomonadaceae","Pseudomonas",NA
"ASV309","Bacteria","Verrucomicrobiota","Verrucomicrobiae","Verrucomicrobiales","Verrucomicrobiaceae",NA,NA
"ASV310","Bacteria","Proteobacteria","Alphaproteobacteria","Caulobacterales","Hyphomonadaceae","Hirschia",NA
"ASV312","Bacteria","Proteobacteria","Alphaproteobacteria","Rhizobiales","Beijerinckiaceae","alphaI cluster",NA
"ASV314","Bacteria","Proteobacteria","Alphaproteobacteria","Acetobacterales","Acetobacteraceae",NA,NA
"ASV316","Bacteria","Proteobacteria","Gammaproteobacteria","Burkholderiales","Comamonadaceae",NA,NA
"ASV317","Bacteria","Bacteroidota","Bacteroidia","Chitinophagales","Chitinophagaceae","Dinghuibacter",NA
"ASV319","Bacteria","Bacteroidota","Bacteroidia","Chitinophagales","Chitinophagaceae",NA,NA
"ASV320","Bacteria","Verrucomicrobiota","Verrucomicrobiae","Verrucomicrobiales","Rubritaleaceae","Luteolibacter",NA
"ASV321","Bacteria","Bacteroidota","Bacteroidia","Flavobacteriales","Flavobacteriaceae","Flavobacterium",NA
"ASV323","Bacteria","Actinobacteriota","Actinobacteria","Frankiales","Sporichthyaceae","Candidatus Planktophila",NA
"ASV324","Bacteria","Planctomycetota","Planctomycetes","Pirellulales","Pirellulaceae",NA,NA
"ASV325","Bacteria","Proteobacteria","Gammaproteobacteria","Burkholderiales","Burkholderiaceae","Limnobacter",NA
"ASV326","Bacteria","Bacteroidota","Bacteroidia","Chitinophagales","Saprospiraceae","Candidatus Aquirestis",NA
"ASV327","Bacteria","Proteobacteria","Alphaproteobacteria","Sphingomonadales","Sphingomonadaceae","Sphingomonas",NA
"ASV328","Bacteria","Bacteroidota","Bacteroidia","Sphingobacteriales","env.OPS 17",NA,NA
"ASV329","Bacteria","Bacteroidota","Bacteroidia","Flavobacteriales","Flavobacteriaceae","Flavobacterium",NA
"ASV330","Bacteria","Bacteroidota","Bacteroidia","Sphingobacteriales","Sphingobacteriaceae","Pedobacter",NA
"ASV331","Bacteria","Bacteroidota","Bacteroidia","Chitinophagales","Saprospiraceae","Candidatus Aquirestis",NA
"ASV332","Bacteria","Proteobacteria","Gammaproteobacteria","Burkholderiales","Comamonadaceae","Aquabacterium",NA
"ASV333","Bacteria","Actinobacteriota","Actinobacteria","Corynebacteriales","Mycobacteriaceae","Mycobacterium",NA
"ASV335","Bacteria","Proteobacteria","Gammaproteobacteria","Burkholderiales","Rhodocyclaceae",NA,NA
"ASV337","Bacteria","Bacteroidota","Bacteroidia","Flavobacteriales","Crocinitomicaceae","Fluviicola",NA
"ASV338","Bacteria","Verrucomicrobiota","Verrucomicrobiae","Verrucomicrobiales","Rubritaleaceae","Luteolibacter",NA
"ASV339","Bacteria","Proteobacteria","Gammaproteobacteria","Burkholderiales","Chromobacteriaceae","Vogesella",NA
"ASV340","Bacteria","Bacteroidota","Bacteroidia","Flavobacteriales","Crocinitomicaceae","Fluviicola",NA
"ASV341","Bacteria","Proteobacteria","Gammaproteobacteria","Burkholderiales","Oxalobacteraceae","Massilia",NA
"ASV342","Bacteria","Armatimonadota","Fimbriimonadia","Fimbriimonadales","Fimbriimonadaceae",NA,NA
"ASV344","Bacteria","Proteobacteria","Alphaproteobacteria","Caulobacterales","Caulobacteraceae","Brevundimonas",NA
"ASV345","Bacteria","Proteobacteria","Gammaproteobacteria","Burkholderiales","Oxalobacteraceae","Janthinobacterium",NA
"ASV346","Bacteria","Bacteroidota","Bacteroidia","Flavobacteriales","Flavobacteriaceae","Flavobacterium",NA
"ASV347","Bacteria","Verrucomicrobiota","Verrucomicrobiae","Verrucomicrobiales","Verrucomicrobiaceae",NA,NA
"ASV350","Bacteria","Proteobacteria","Alphaproteobacteria","Paracaedibacterales","Paracaedibacteraceae",NA,NA
"ASV351","Bacteria","Proteobacteria","Gammaproteobacteria","Burkholderiales","Comamonadaceae","Limnohabitans",NA
"ASV352","Bacteria","Bacteroidota","Bacteroidia","Chitinophagales","Chitinophagaceae","Sediminibacterium",NA
"ASV354","Bacteria","Proteobacteria","Gammaproteobacteria","Burkholderiales","Burkholderiaceae","Polynucleobacter","acidiphobus"
"ASV355","Bacteria","Bacteroidota","Bacteroidia","Flavobacteriales","Flavobacteriaceae","Flavobacterium",NA
"ASV356","Bacteria","Proteobacteria","Alphaproteobacteria","Acetobacterales","Acetobacteraceae",NA,NA
"ASV358","Bacteria","Bacteroidota","Bacteroidia","Sphingobacteriales","LiUU-11-161",NA,NA
"ASV359","Bacteria","Verrucomicrobiota","Verrucomicrobiae","Verrucomicrobiales","Verrucomicrobiaceae","Verrucomicrobium",NA
"ASV360","Bacteria","Proteobacteria","Gammaproteobacteria","Enterobacterales","Aeromonadaceae","Aeromonas",NA
"ASV362","Bacteria","Proteobacteria","Gammaproteobacteria","Pseudomonadales","Pseudomonadaceae","Pseudomonas",NA
"ASV364","Bacteria","Planctomycetota","Planctomycetes","Pirellulales","Pirellulaceae",NA,NA
"ASV365","Bacteria","Bdellovibrionota","Oligoflexia","0319-6G20",NA,NA,NA
"ASV366","Bacteria","Proteobacteria","Gammaproteobacteria","Burkholderiales",NA,NA,NA
"ASV368","Bacteria","Bdellovibrionota","Oligoflexia","0319-6G20",NA,NA,NA
"ASV369","Bacteria","Proteobacteria","Alphaproteobacteria","Acetobacterales","Acetobacteraceae","Roseomonas",NA
"ASV370","Bacteria","Bacteroidota","Bacteroidia","Sphingobacteriales","AKYH767",NA,NA
"ASV373","Bacteria","Bacteroidota","Bacteroidia","Sphingobacteriales","env.OPS 17",NA,NA
"ASV374","Bacteria","Cyanobacteria","Cyanobacteriia","Synechococcales","Cyanobiaceae","Cyanobium PCC-6307",NA
"ASV375","Bacteria","Proteobacteria","Gammaproteobacteria","Pseudomonadales","Pseudomonadaceae","Pseudomonas",NA
"ASV376","Bacteria","Proteobacteria","Gammaproteobacteria","Burkholderiales","Oxalobacteraceae","Undibacterium","macrobrachii"
"ASV378","Bacteria","Proteobacteria","Alphaproteobacteria","Rhizobiales","Beijerinckiaceae","Methylorosula",NA
"ASV380","Bacteria","Actinobacteriota","Actinobacteria","Micrococcales","Microbacteriaceae","Candidatus Planktoluna",NA
"ASV381","Bacteria","Bacteroidota","Bacteroidia","Flavobacteriales","Flavobacteriaceae","Flavobacterium",NA
"ASV382","Bacteria","Proteobacteria","Gammaproteobacteria","Burkholderiales","Comamonadaceae","Simplicispira",NA
"ASV383","Bacteria","Actinobacteriota","Actinobacteria","PeM15",NA,NA,NA
"ASV384","Bacteria","Proteobacteria","Gammaproteobacteria","Burkholderiales","Chromobacteriaceae","Crenobacter",NA
"ASV386","Bacteria","Proteobacteria","Gammaproteobacteria","Burkholderiales","Oxalobacteraceae","Duganella",NA
"ASV387","Bacteria","Proteobacteria","Alphaproteobacteria","Caulobacterales","Hyphomonadaceae","Hirschia",NA
"ASV388","Bacteria","Bacteroidota","Bacteroidia","Flavobacteriales","Flavobacteriaceae","Flavobacterium",NA
"ASV391","Bacteria","Actinobacteriota","Acidimicrobiia","Microtrichales","Ilumatobacteraceae","CL500-29 marine group",NA
"ASV392","Bacteria","Proteobacteria","Gammaproteobacteria","Burkholderiales","Oxalobacteraceae","Massilia",NA
"ASV394","Bacteria","Actinobacteriota","Actinobacteria","Micrococcales","Microbacteriaceae","Rhodoluna",NA
"ASV395","Bacteria","Verrucomicrobiota","Verrucomicrobiae","Chthoniobacterales","Terrimicrobiaceae","FukuN18 freshwater group",NA
"ASV396","Bacteria","Proteobacteria","Gammaproteobacteria","Burkholderiales","Comamonadaceae","Rhizobacter",NA
"ASV397","Bacteria","Bacteroidota","Bacteroidia","Chitinophagales","37-13",NA,NA
"ASV398","Bacteria","Actinobacteriota","Actinobacteria","Micrococcales","Microbacteriaceae","Cryobacterium",NA
"ASV399","Bacteria","Bacteroidota","Bacteroidia","Sphingobacteriales","NS11-12 marine group",NA,NA
"ASV400","Bacteria","Actinobacteriota","Acidimicrobiia","Microtrichales","Ilumatobacteraceae","CL500-29 marine group",NA
"ASV401","Bacteria","Proteobacteria","Alphaproteobacteria","Sphingomonadales","Sphingomonadaceae","Rhizorhapis",NA
"ASV402","Bacteria","Actinobacteriota","Actinobacteria","Micrococcales","Microbacteriaceae","Aurantimicrobium",NA
"ASV405","Bacteria","Actinobacteriota","Acidimicrobiia","Microtrichales","Ilumatobacteraceae","CL500-29 marine group",NA
"ASV407","Bacteria","Proteobacteria","Gammaproteobacteria","Burkholderiales","Comamonadaceae","Polaromonas",NA
"ASV408","Bacteria","Actinobacteriota","Acidimicrobiia","Microtrichales","Ilumatobacteraceae","CL500-29 marine group",NA
"ASV409","Bacteria","Actinobacteriota","Actinobacteria","Micrococcales","Microbacteriaceae","Candidatus Limnoluna",NA
"ASV410","Bacteria","Verrucomicrobiota","Verrucomicrobiae","Chthoniobacterales","Terrimicrobiaceae","FukuN18 freshwater group",NA
"ASV411","Bacteria","Cyanobacteria","Cyanobacteriia","Synechococcales","Cyanobiaceae","Cyanobium PCC-6307",NA
"ASV412","Bacteria","Proteobacteria","Alphaproteobacteria","Caulobacterales","Caulobacteraceae","Caulobacter",NA
"ASV413","Bacteria","Proteobacteria","Alphaproteobacteria","Rickettsiales","Rickettsiaceae","Candidatus Megaira",NA
"ASV414","Bacteria","Proteobacteria","Gammaproteobacteria","Pseudomonadales","Moraxellaceae","Acinetobacter","lwoffii"
"ASV418","Bacteria","Bdellovibrionota","Oligoflexia","0319-6G20",NA,NA,NA
"ASV420","Bacteria","Bacteroidota","Bacteroidia","Chitinophagales","Chitinophagaceae","Dinghuibacter",NA
"ASV421","Bacteria","Proteobacteria","Alphaproteobacteria","Rickettsiales",NA,NA,NA
"ASV422","Bacteria","Bacteroidota","Bacteroidia","Flavobacteriales","Crocinitomicaceae","Fluviicola",NA
"ASV423","Bacteria","Proteobacteria","Alphaproteobacteria","Zavarziniales","Zavarziniaceae",NA,NA
"ASV424","Bacteria","Bacteroidota","Bacteroidia","Cytophagales",NA,NA,NA
"ASV425","Bacteria","Firmicutes","Bacilli","Staphylococcales","Staphylococcaceae","Staphylococcus","aureus"
"ASV426","Bacteria","Bacteroidota","Bacteroidia","Flavobacteriales","Flavobacteriaceae","Flavobacterium","terrigena"
"ASV427","Bacteria","Proteobacteria","Gammaproteobacteria","Burkholderiales",NA,NA,NA
"ASV428","Bacteria","Actinobacteriota","Actinobacteria","PeM15",NA,NA,NA
"ASV429","Bacteria","Proteobacteria","Alphaproteobacteria","Sphingomonadales","Sphingomonadaceae","Sandarakinorhabdus",NA
"ASV431","Bacteria","Actinobacteriota","Actinobacteria","Frankiales","Sporichthyaceae","hgcI clade",NA
"ASV432","Bacteria","Proteobacteria","Alphaproteobacteria","Sphingomonadales","Sphingomonadaceae","Sphingorhabdus",NA
"ASV433","Bacteria","Bacteroidota","Bacteroidia","Cytophagales","Cytophagaceae","Cytophaga",NA
"ASV434","Bacteria","Proteobacteria","Gammaproteobacteria","Burkholderiales","Comamonadaceae",NA,NA
"ASV435","Bacteria","Bacteroidota","Bacteroidia","Flavobacteriales","Crocinitomicaceae","Fluviicola",NA
"ASV437","Bacteria","Proteobacteria","Gammaproteobacteria","Burkholderiales","Alcaligenaceae","GKS98 freshwater group",NA
"ASV438","Bacteria","Proteobacteria","Gammaproteobacteria","Legionellales","Legionellaceae","Legionella",NA
"ASV439","Bacteria","Actinobacteriota","Actinobacteria","Frankiales","Sporichthyaceae",NA,NA
"ASV441","Bacteria","Proteobacteria","Alphaproteobacteria","Rickettsiales","Rickettsiaceae",NA,NA
"ASV442","Bacteria","Proteobacteria","Alphaproteobacteria","Holosporales","Holosporaceae",NA,NA
"ASV443","Bacteria","Actinobacteriota","Actinobacteria","Frankiales","Sporichthyaceae","hgcI clade",NA
"ASV445","Bacteria","Actinobacteriota","Actinobacteria","Frankiales","Sporichthyaceae","hgcI clade",NA
"ASV446","Bacteria","Actinobacteriota","Actinobacteria","Frankiales","Sporichthyaceae","hgcI clade",NA
"ASV448","Bacteria","Bdellovibrionota","Bdellovibrionia","Bdellovibrionales","Bdellovibrionaceae","Bdellovibrio",NA
"ASV451","Bacteria","Proteobacteria","Alphaproteobacteria","Caulobacterales","Caulobacteraceae","Phenylobacterium",NA
"ASV452","Bacteria","Verrucomicrobiota","Verrucomicrobiae","Opitutales","Opitutaceae","Diplosphaera",NA
"ASV453","Bacteria","Bacteroidota","Bacteroidia","Chitinophagales","Chitinophagaceae","Dinghuibacter",NA
"ASV455","Bacteria","Proteobacteria","Gammaproteobacteria","Enterobacterales","Yersiniaceae","Yersinia",NA
"ASV456","Bacteria","Proteobacteria","Gammaproteobacteria","Pseudomonadales","Moraxellaceae","Acinetobacter",NA
"ASV457","Bacteria","Proteobacteria","Alphaproteobacteria","Rhizobiales","Rhizobiales Incertae Sedis","Alsobacter",NA
"ASV458","Bacteria","Proteobacteria","Gammaproteobacteria","Xanthomonadales","Xanthomonadaceae","Stenotrophomonas","maltophilia"
"ASV459","Bacteria","Cyanobacteria","Cyanobacteriia","Synechococcales","Cyanobiaceae","Cyanobium PCC-6307",NA
"ASV462","Bacteria","Proteobacteria","Alphaproteobacteria","Rhodobacterales","Rhodobacteraceae","Rhodobacter",NA
"ASV465","Bacteria","Patescibacteria","Gracilibacteria","Absconditabacteriales (SR1)",NA,NA,NA
"ASV466","Bacteria","Cyanobacteria","Cyanobacteriia","Synechococcales","Cyanobiaceae","Cyanobium PCC-6307",NA
"ASV467","Bacteria","Verrucomicrobiota","Verrucomicrobiae","Verrucomicrobiales","Rubritaleaceae","Luteolibacter",NA
"ASV468","Bacteria","Bacteroidota","Bacteroidia","Sphingobacteriales","ST-12K33",NA,NA
"ASV470","Bacteria","Bacteroidota","Bacteroidia","Flavobacteriales","Crocinitomicaceae","Fluviicola",NA
"ASV471","Bacteria","Bacteroidota","Bacteroidia","Chitinophagales",NA,NA,NA
"ASV472","Bacteria","Myxococcota","Polyangia","Blfdi19",NA,NA,NA
"ASV475","Bacteria","Verrucomicrobiota","Verrucomicrobiae","Opitutales","Opitutaceae","Diplosphaera",NA
"ASV476","Bacteria","Proteobacteria","Alphaproteobacteria","Rickettsiales","Candidatus Hepatincola",NA,NA
"ASV477","Bacteria","Planctomycetota","Planctomycetes","Pirellulales","Pirellulaceae",NA,NA
"ASV478","Bacteria","Bacteroidota","Bacteroidia","Sphingobacteriales","LiUU-11-161",NA,NA
"ASV480","Bacteria","Spirochaetota","Spirochaetia","Spirochaetales","Spirochaetaceae","Spirochaeta 2",NA
"ASV481","Bacteria","Actinobacteriota","Actinobacteria","Micrococcales","Microbacteriaceae","MWH-Ta3",NA
"ASV482","Bacteria","Planctomycetota","Planctomycetes","Pirellulales","Pirellulaceae","Pirellula",NA
"ASV483","Bacteria","Myxococcota","Polyangia","Blfdi19",NA,NA,NA
"ASV484","Bacteria","Bacteroidota","Bacteroidia","Flavobacteriales","Flavobacteriaceae","Flavobacterium",NA
"ASV486","Bacteria","Proteobacteria","Alphaproteobacteria","Rickettsiales","SM2D12",NA,NA
"ASV487","Bacteria","Actinobacteriota","Actinobacteria","Frankiales","Sporichthyaceae","hgcI clade",NA
"ASV489","Bacteria","Verrucomicrobiota","Verrucomicrobiae","Verrucomicrobiales","Rubritaleaceae","Luteolibacter",NA
"ASV490","Bacteria","Verrucomicrobiota","Verrucomicrobiae","Methylacidiphilales","Methylacidiphilaceae",NA,NA
"ASV492","Bacteria","Patescibacteria","Gracilibacteria","Absconditabacteriales (SR1)",NA,NA,NA
"ASV494","Bacteria","Bdellovibrionota","Bdellovibrionia","Bdellovibrionales","Bdellovibrionaceae","OM27 clade",NA
"ASV498","Bacteria","Bacteroidota","Bacteroidia","Flavobacteriales","Flavobacteriaceae","Flavobacterium",NA
"ASV500","Bacteria","Proteobacteria","Alphaproteobacteria","Paracaedibacterales","Paracaedibacteraceae",NA,NA
"ASV501","Bacteria","Proteobacteria","Gammaproteobacteria","Methylococcales","Methylomonadaceae",NA,NA
"ASV502","Bacteria","Firmicutes","Bacilli","Exiguobacterales","Exiguobacteraceae","Exiguobacterium",NA
"ASV503","Bacteria","Bacteroidota","Bacteroidia","Sphingobacteriales","env.OPS 17",NA,NA
"ASV504","Bacteria","Verrucomicrobiota","Verrucomicrobiae","Verrucomicrobiales","Verrucomicrobiaceae",NA,NA
"ASV506","Bacteria","Bacteroidota","Bacteroidia","Flavobacteriales","Crocinitomicaceae","Fluviicola",NA
"ASV507","Bacteria","Bacteroidota","Bacteroidia","Cytophagales","Microscillaceae",NA,NA
"ASV508","Bacteria","Bdellovibrionota","Bdellovibrionia","Bacteriovoracales","Bacteriovoracaceae","Peredibacter",NA
"ASV510","Bacteria","Bacteroidota","Bacteroidia","Flavobacteriales","Crocinitomicaceae","Fluviicola",NA
"ASV512","Bacteria","Proteobacteria","Alphaproteobacteria","Sphingomonadales","Sphingomonadaceae","Novosphingobium",NA
"ASV513","Bacteria","Proteobacteria","Gammaproteobacteria","Pseudomonadales","Moraxellaceae","Acinetobacter",NA
"ASV514","Bacteria","Proteobacteria","Gammaproteobacteria","Burkholderiales","Comamonadaceae","Acidovorax",NA
"ASV516","Bacteria","Proteobacteria","Gammaproteobacteria","Burkholderiales","Oxalobacteraceae","Oxalicibacterium",NA
"ASV517","Bacteria","Proteobacteria","Alphaproteobacteria","Rickettsiales","Rickettsiaceae",NA,NA
"ASV518","Bacteria","Proteobacteria","Gammaproteobacteria","Burkholderiales","Comamonadaceae","Rhodoferax",NA
"ASV519","Bacteria","Proteobacteria","Alphaproteobacteria","Sphingomonadales","Sphingomonadaceae","Sphingorhabdus","rigui"
"ASV520","Bacteria","Proteobacteria","Gammaproteobacteria","Burkholderiales","Alcaligenaceae","GKS98 freshwater group",NA
"ASV521","Bacteria","Proteobacteria","Gammaproteobacteria","Burkholderiales","Chromobacteriaceae",NA,NA
"ASV522","Bacteria","Patescibacteria","Gracilibacteria","Absconditabacteriales (SR1)",NA,NA,NA
"ASV523","Bacteria","Proteobacteria","Gammaproteobacteria","R7C24",NA,NA,NA
"ASV525","Bacteria","Bacteroidota","Bacteroidia","Flavobacteriales","Crocinitomicaceae","Fluviicola",NA
"ASV526","Bacteria","Proteobacteria","Gammaproteobacteria","Burkholderiales","Oxalobacteraceae","Undibacterium",NA
"ASV527","Bacteria","Acidobacteriota","Holophagae","Holophagales","Holophagaceae","Geothrix",NA
"ASV528","Bacteria","Proteobacteria","Alphaproteobacteria","Rickettsiales","Rickettsiaceae",NA,NA
"ASV531","Bacteria","Proteobacteria","Gammaproteobacteria","Pseudomonadales","Pseudomonadaceae","Pseudomonas",NA
"ASV532","Bacteria","Actinobacteriota","Actinobacteria","Frankiales","Sporichthyaceae","hgcI clade",NA
"ASV533","Bacteria","Bacteroidota","Bacteroidia","Flavobacteriales","Crocinitomicaceae","Fluviicola",NA
"ASV534","Bacteria","Proteobacteria","Alphaproteobacteria","Caulobacterales","Hyphomonadaceae","UKL13-1",NA
"ASV538","Bacteria","Bacteroidota","Bacteroidia","Cytophagales","Microscillaceae",NA,NA
"ASV540","Bacteria","Verrucomicrobiota","Verrucomicrobiae","Verrucomicrobiales","Rubritaleaceae","Luteolibacter",NA
"ASV542","Bacteria","Bdellovibrionota","Oligoflexia","Oligoflexales","Oligoflexaceae",NA,NA
"ASV543","Bacteria","Proteobacteria","Alphaproteobacteria","Rhodobacterales","Rhodobacteraceae","Pseudorhodobacter",NA
"ASV544","Bacteria","Bacteroidota","Bacteroidia","Flavobacteriales","Flavobacteriaceae","Flavobacterium",NA
"ASV545","Bacteria","Proteobacteria","Alphaproteobacteria","Sphingomonadales","Sphingomonadaceae","Polymorphobacter",NA
"ASV547","Bacteria","Planctomycetota","Planctomycetes","Pirellulales","Pirellulaceae","Pirellula",NA
"ASV548","Bacteria","Proteobacteria","Gammaproteobacteria","Burkholderiales","Comamonadaceae",NA,NA
"ASV549","Bacteria","Proteobacteria","Gammaproteobacteria","Burkholderiales","Oxalobacteraceae",NA,NA
"ASV552","Bacteria","Proteobacteria","Gammaproteobacteria","Burkholderiales","Comamonadaceae","Rhodoferax",NA
"ASV554","Bacteria","Firmicutes","Bacilli","Exiguobacterales","Exiguobacteraceae","Exiguobacterium",NA
"ASV555","Bacteria","Proteobacteria","Gammaproteobacteria","Burkholderiales","Methylophilaceae","Methylotenera",NA
"ASV557","Bacteria","Proteobacteria","Alphaproteobacteria","Rickettsiales",NA,NA,NA
"ASV558","Bacteria","Bacteroidota","Bacteroidia","Sphingobacteriales","Sphingobacteriaceae","Pedobacter",NA
"ASV559","Bacteria","Proteobacteria","Alphaproteobacteria","Caulobacterales","Caulobacteraceae","Brevundimonas",NA
"ASV560","Bacteria","Bacteroidota","Bacteroidia","Cytophagales","Microscillaceae",NA,NA
"ASV561","Bacteria","Actinobacteriota","Actinobacteria","Micrococcales","Microbacteriaceae",NA,NA
"ASV562","Bacteria","Spirochaetota","Leptospirae","Leptospirales","Leptospiraceae","Leptospira",NA
"ASV565","Bacteria","Planctomycetota","Planctomycetes","Pirellulales","Pirellulaceae",NA,NA
"ASV569","Bacteria","Firmicutes","Bacilli","Lactobacillales","Streptococcaceae","Lactococcus",NA
"ASV570","Bacteria","Verrucomicrobiota","Verrucomicrobiae","Verrucomicrobiales","Verrucomicrobiaceae",NA,NA
"ASV572","Bacteria","Bacteroidota","Bacteroidia","Sphingobacteriales","NS11-12 marine group",NA,NA
"ASV573","Bacteria","Proteobacteria","Alphaproteobacteria","Rickettsiales","SM2D12",NA,NA
"ASV574","Bacteria","Proteobacteria","Gammaproteobacteria","Pseudomonadales","Pseudomonadaceae","Pseudomonas",NA
"ASV576","Bacteria","Bacteroidota","Bacteroidia","Flavobacteriales","Flavobacteriaceae","Flavobacterium",NA
"ASV578","Bacteria","Verrucomicrobiota","Verrucomicrobiae","Verrucomicrobiales","Rubritaleaceae","Luteolibacter",NA
"ASV584","Bacteria","Myxococcota","Polyangia","mle1-27",NA,NA,NA
"ASV585","Bacteria","Proteobacteria","Gammaproteobacteria","Burkholderiales","Comamonadaceae","Rhodoferax",NA
"ASV587","Bacteria","Proteobacteria","Gammaproteobacteria","Burkholderiales","Comamonadaceae",NA,NA
"ASV593","Bacteria","Proteobacteria","Gammaproteobacteria","Burkholderiales","Nitrosomonadaceae","Ellin6067",NA
"ASV594","Bacteria","Proteobacteria","Gammaproteobacteria","Burkholderiales","Comamonadaceae","Xylophilus",NA
"ASV595","Bacteria","Gemmatimonadota","Gemmatimonadetes","Gemmatimonadales","Gemmatimonadaceae","Gemmatimonas",NA
"ASV597","Bacteria","Verrucomicrobiota","Verrucomicrobiae","Opitutales","Opitutaceae",NA,NA
"ASV598","Bacteria","Dependentiae","Babeliae","Babeliales",NA,NA,NA
"ASV599","Bacteria","Verrucomicrobiota","Verrucomicrobiae","Verrucomicrobiales","Verrucomicrobiaceae","Prosthecobacter",NA
"ASV601","Bacteria","Cyanobacteria","Cyanobacteriia","Synechococcales","Cyanobiaceae","Cyanobium PCC-6307","gracile"
"ASV602","Bacteria","Bacteroidota","Bacteroidia","Chitinophagales","Chitinophagaceae","Dinghuibacter",NA
"ASV604","Bacteria","Bacteroidota","Bacteroidia","Flavobacteriales","NS9 marine group",NA,NA
"ASV606","Bacteria","Actinobacteriota","Actinobacteria","Frankiales","Sporichthyaceae","Candidatus Planktophila",NA
"ASV607","Bacteria","Bacteroidota","Bacteroidia","Chitinophagales","Chitinophagaceae","Ferruginibacter",NA
"ASV608","Bacteria","Cyanobacteria","Cyanobacteriia","Cyanobacteriales","Microcystaceae","Microcystis PCC-7914",NA
"ASV611","Bacteria","Proteobacteria","Gammaproteobacteria","Burkholderiales","Comamonadaceae","Rhodoferax",NA
"ASV612","Bacteria","Proteobacteria","Gammaproteobacteria","CHAB-XI-27",NA,NA,NA
"ASV614","Bacteria","Proteobacteria","Alphaproteobacteria","Rickettsiales","Rickettsiaceae",NA,NA
"ASV616","Bacteria","Verrucomicrobiota","Verrucomicrobiae","Opitutales","Opitutaceae","Diplosphaera",NA
"ASV617","Bacteria","Bdellovibrionota","Oligoflexia","0319-6G20",NA,NA,NA
"ASV618","Bacteria","Actinobacteriota","Actinobacteria","PeM15",NA,NA,NA
"ASV619","Bacteria","Proteobacteria","Gammaproteobacteria","Burkholderiales","Oxalobacteraceae","Massilia",NA
"ASV622","Bacteria","Bacteroidota","Bacteroidia","Chitinophagales","Chitinophagaceae","Ferruginibacter",NA
"ASV623","Bacteria","Bdellovibrionota","Bdellovibrionia","Bdellovibrionales","Bdellovibrionaceae","OM27 clade",NA
"ASV625","Bacteria","Proteobacteria","Alphaproteobacteria","Holosporales","Holosporaceae",NA,NA
"ASV626","Bacteria","Firmicutes","Bacilli","Lactobacillales","Streptococcaceae","Lactococcus",NA
"ASV628","Bacteria","Cyanobacteria","Cyanobacteriia","Pseudanabaenales","Pseudanabaenaceae","Pseudanabaena PCC-7429",NA
"ASV629","Bacteria","Verrucomicrobiota","Verrucomicrobiae","Opitutales","Opitutaceae","Diplosphaera",NA
"ASV630","Bacteria","Cyanobacteria","Cyanobacteriia","Leptolyngbyales","Leptolyngbyaceae","Leptolyngbya SAG 2411",NA
"ASV634","Bacteria","Proteobacteria","Gammaproteobacteria","Burkholderiales","Comamonadaceae","Polaromonas",NA
"ASV635","Bacteria","Verrucomicrobiota","Verrucomicrobiae","Verrucomicrobiales","Rubritaleaceae","Luteolibacter",NA
"ASV637","Bacteria","Proteobacteria","Alphaproteobacteria","Elsterales","Elsteraceae","Aliidongia",NA
"ASV638","Bacteria","Proteobacteria","Alphaproteobacteria","Rhodobacterales","Rhodobacteraceae","Rhodobacter",NA
"ASV639","Bacteria","Proteobacteria","Gammaproteobacteria","Burkholderiales","Burkholderiaceae","Polynucleobacter",NA
"ASV642","Bacteria","Bacteroidota","Bacteroidia","Chitinophagales","Chitinophagaceae",NA,NA
"ASV643","Bacteria","Planctomycetota","Planctomycetes","Pirellulales","Pirellulaceae","Pirellula",NA
"ASV644","Bacteria","Bacteroidota","Bacteroidia","Chitinophagales","Saprospiraceae","Haliscomenobacter",NA
"ASV645","Bacteria","Bdellovibrionota","Bdellovibrionia","Bdellovibrionales","Bdellovibrionaceae","Bdellovibrio",NA
"ASV646","Bacteria","Bacteroidota","Bacteroidia","Flavobacteriales","Crocinitomicaceae","Fluviicola",NA
"ASV647","Bacteria","Proteobacteria","Gammaproteobacteria","Burkholderiales","Chromobacteriaceae","Aquitalea",NA
"ASV648","Bacteria","Actinobacteriota","Actinobacteria","Micrococcales","Microbacteriaceae","MWH-Ta3",NA
"ASV650","Bacteria","Proteobacteria","Alphaproteobacteria","Rhodobacterales","Rhodobacteraceae",NA,NA
"ASV651","Bacteria","Proteobacteria","Gammaproteobacteria","Burkholderiales","Methylophilaceae","Methylotenera",NA
"ASV652","Bacteria","Bacteroidota","Bacteroidia","Flavobacteriales","Flavobacteriaceae","Flavobacterium","lacicola"
"ASV655","Bacteria","Myxococcota","Polyangia","Polyangiales","Polyangiaceae","Pajaroellobacter",NA
"ASV656","Bacteria","Planctomycetota","Planctomycetes","Pirellulales","Pirellulaceae",NA,NA
"ASV657","Bacteria","Bacteroidota","Bacteroidia","Flavobacteriales","Crocinitomicaceae","Fluviicola",NA
"ASV660","Bacteria","Proteobacteria","Gammaproteobacteria","Burkholderiales","Comamonadaceae","Rhodoferax","koreense"
"ASV661","Bacteria","Proteobacteria","Gammaproteobacteria","Pseudomonadales","Moraxellaceae","Enhydrobacter","aerosaccus"
"ASV663","Bacteria","Bdellovibrionota","Bdellovibrionia","Bacteriovoracales","Bacteriovoracaceae","Bacteriovorax",NA
"ASV664","Bacteria","Verrucomicrobiota","Verrucomicrobiae","Pedosphaerales","Pedosphaeraceae",NA,NA
"ASV667","Bacteria","Proteobacteria","Alphaproteobacteria","Rickettsiales","Rickettsiaceae",NA,NA
"ASV668","Bacteria","Proteobacteria","Gammaproteobacteria","Burkholderiales","Burkholderiaceae","Polynucleobacter","rarus"
"ASV669","Bacteria","Bacteroidota","Bacteroidia","Cytophagales",NA,NA,NA
"ASV671","Bacteria","Proteobacteria","Gammaproteobacteria","Burkholderiales","T34",NA,NA
"ASV673","Bacteria","Bacteroidota","Bacteroidia","Sphingobacteriales","NS11-12 marine group",NA,NA
"ASV678","Bacteria","Proteobacteria","Gammaproteobacteria","Burkholderiales","Comamonadaceae","Rhodoferax",NA
"ASV681","Bacteria","Proteobacteria",NA,NA,NA,NA,NA
"ASV684","Bacteria","Proteobacteria","Gammaproteobacteria","Burkholderiales","Comamonadaceae","Delftia",NA
"ASV687","Bacteria","Bdellovibrionota","Bdellovibrionia","Bacteriovoracales","Bacteriovoracaceae","Peredibacter",NA
"ASV688","Bacteria","Proteobacteria","Gammaproteobacteria","Burkholderiales","Chromobacteriaceae","Vogesella",NA
"ASV689","Bacteria","Proteobacteria","Gammaproteobacteria","Burkholderiales","Oxalobacteraceae","Massilia",NA
"ASV691","Bacteria","Bdellovibrionota","Bdellovibrionia","Bacteriovoracales","Bacteriovoracaceae","Bacteriovorax",NA
"ASV695","Bacteria","Proteobacteria","Gammaproteobacteria","Pseudomonadales","Moraxellaceae","Acinetobacter",NA
"ASV696","Bacteria","Bacteroidota","Bacteroidia","Chitinophagales","Chitinophagaceae","Sediminibacterium",NA
"ASV697","Bacteria","Cyanobacteria","Cyanobacteriia","Cyanobacteriales","Microcystaceae","Snowella 0TU37S04","litoralis"
"ASV700","Bacteria","Proteobacteria","Gammaproteobacteria","Burkholderiales",NA,NA,NA
"ASV701","Bacteria","Bacteroidota","Bacteroidia","Cytophagales","Microscillaceae",NA,NA
"ASV702","Bacteria","Planctomycetota","Planctomycetes","Pirellulales","Pirellulaceae",NA,NA
"ASV703","Bacteria","Actinobacteriota","Acidimicrobiia","Microtrichales","Ilumatobacteraceae","CL500-29 marine group",NA
"ASV704","Bacteria","Myxococcota","Polyangia","Blfdi19",NA,NA,NA
"ASV706","Bacteria","Proteobacteria","Gammaproteobacteria","Burkholderiales","Comamonadaceae","Leptothrix",NA
"ASV707","Bacteria","Proteobacteria","Alphaproteobacteria","Rhodobacterales","Rhodobacteraceae","Pseudorhodobacter",NA
"ASV708","Bacteria","Actinobacteriota","Acidimicrobiia","Microtrichales","Ilumatobacteraceae","CL500-29 marine group",NA
"ASV710","Bacteria","Bacteroidota","Bacteroidia","Flavobacteriales","Crocinitomicaceae","Fluviicola",NA
"ASV712","Bacteria","Bacteroidota","Bacteroidia","Sphingobacteriales","Sphingobacteriaceae","Pedobacter","luteus"
"ASV713","Bacteria","Proteobacteria","Alphaproteobacteria","Rickettsiales","Rickettsiaceae","Candidatus Megaira",NA
"ASV714","Bacteria","Planctomycetota","Planctomycetes","Pirellulales","Pirellulaceae","Pirellula",NA
"ASV715","Bacteria","Bdellovibrionota","Bdellovibrionia","Bacteriovoracales","Bacteriovoracaceae","Peredibacter",NA
"ASV717","Bacteria","Proteobacteria","Gammaproteobacteria","Xanthomonadales","Xanthomonadaceae","Stenotrophomonas",NA
"ASV718","Bacteria","Bacteroidota","Bacteroidia","Flavobacteriales","Flavobacteriaceae","Flavobacterium","psychrolimnae"
"ASV721","Bacteria","Cyanobacteria","Cyanobacteriia","Cyanobacteriales","Phormidiaceae","Tychonema CCAP 1459-11B",NA
"ASV722","Bacteria","Verrucomicrobiota","Verrucomicrobiae","Verrucomicrobiales","Verrucomicrobiaceae","Prosthecobacter",NA
"ASV732","Bacteria","Proteobacteria","Gammaproteobacteria","Burkholderiales","Chitinibacteraceae","Iodobacter",NA
"ASV733","Bacteria","Bacteroidota","Bacteroidia","Chitinophagales","Chitinophagaceae","Sediminibacterium",NA
"ASV735","Bacteria","Actinobacteriota","Actinobacteria","Frankiales","Sporichthyaceae","Candidatus Planktophila",NA
"ASV736","Bacteria","Bdellovibrionota","Bdellovibrionia","Bdellovibrionales","Bdellovibrionaceae","OM27 clade",NA
"ASV737","Bacteria","Bacteroidota","Bacteroidia","Flavobacteriales","Weeksellaceae","Chryseobacterium",NA
"ASV739","Bacteria","Chloroflexi","Chloroflexia","Chloroflexales","Roseiflexaceae",NA,NA
"ASV740","Bacteria","Proteobacteria","Gammaproteobacteria","Burkholderiales","Oxalobacteraceae","Rugamonas","rubra"
"ASV742","Bacteria","Bacteroidota","Bacteroidia","Sphingobacteriales","NS11-12 marine group",NA,NA
"ASV743","Bacteria","Bdellovibrionota","Oligoflexia","Silvanigrellales","Silvanigrellaceae","Silvanigrella","aquatica"
"ASV747","Bacteria","Bacteroidota","Bacteroidia","Cytophagales","Cytophagaceae","Cytophaga",NA
"ASV750","Bacteria","Bacteroidota","Bacteroidia","Chitinophagales","Chitinophagaceae","Sediminibacterium",NA
"ASV753","Bacteria","Proteobacteria","Alphaproteobacteria","Rhizobiales","Rhizobiaceae","Allorhizobium-Neorhizobium-Pararhizobium-Rhizobium",NA
"ASV754","Bacteria","Proteobacteria","Gammaproteobacteria","Burkholderiales","Comamonadaceae","Paucibacter",NA
"ASV755","Bacteria","Proteobacteria","Gammaproteobacteria","Burkholderiales","Comamonadaceae","Acidovorax",NA
"ASV756","Bacteria","Proteobacteria","Gammaproteobacteria","Burkholderiales","Comamonadaceae","Hydrogenophaga",NA
"ASV757","Bacteria","Verrucomicrobiota","Verrucomicrobiae","Verrucomicrobiales","Rubritaleaceae","Luteolibacter",NA
"ASV758","Bacteria","Proteobacteria","Gammaproteobacteria","Pseudomonadales","Moraxellaceae","Acinetobacter",NA
"ASV759","Bacteria","Patescibacteria","Gracilibacteria","Absconditabacteriales (SR1)",NA,NA,NA
"ASV760","Bacteria","Proteobacteria","Gammaproteobacteria","Burkholderiales","Alcaligenaceae",NA,NA
"ASV762","Bacteria","Bacteroidota","Bacteroidia","Sphingobacteriales","LiUU-11-161",NA,NA
"ASV763","Bacteria","Verrucomicrobiota","Verrucomicrobiae","Chthoniobacterales","Terrimicrobiaceae","FukuN18 freshwater group",NA
"ASV765","Bacteria","Bacteroidota","Bacteroidia","Chitinophagales","Chitinophagaceae","Ferruginibacter",NA
"ASV767","Bacteria","Proteobacteria","Gammaproteobacteria","Xanthomonadales","Xanthomonadaceae","Stenotrophomonas",NA
"ASV772","Bacteria","Armatimonadota","Fimbriimonadia","Fimbriimonadales","Fimbriimonadaceae",NA,NA
"ASV774","Bacteria","Actinobacteriota","Actinobacteria","PeM15",NA,NA,NA
"ASV775","Bacteria","Bacteroidota","Bacteroidia","Flavobacteriales","Crocinitomicaceae","Fluviicola","riflensis"
"ASV776","Bacteria","Bacteroidota","Bacteroidia","Chitinophagales","Chitinophagaceae",NA,NA
"ASV778","Bacteria","Bacteroidota","Bacteroidia","Flavobacteriales","Crocinitomicaceae","Fluviicola",NA
"ASV779","Bacteria","Verrucomicrobiota","Verrucomicrobiae","Chthoniobacterales","Terrimicrobiaceae","FukuN18 freshwater group",NA
"ASV781","Bacteria","Proteobacteria","Gammaproteobacteria","Burkholderiales","Comamonadaceae",NA,NA
"ASV782","Bacteria","Proteobacteria","Alphaproteobacteria","Caulobacterales","Caulobacteraceae","Phenylobacterium",NA
"ASV784","Bacteria","Proteobacteria","Gammaproteobacteria","Burkholderiales","Alcaligenaceae","GKS98 freshwater group",NA
"ASV786","Bacteria","Planctomycetota","Planctomycetes","Pirellulales","Pirellulaceae",NA,NA
"ASV787","Bacteria","Bdellovibrionota","Bdellovibrionia","Bdellovibrionales","Bdellovibrionaceae","Bdellovibrio",NA
"ASV788","Bacteria","Bacteroidota","Bacteroidia","Cytophagales","Cyclobacteriaceae","Algoriphagus",NA
"ASV790","Bacteria","Proteobacteria","Gammaproteobacteria","Burkholderiales","Comamonadaceae","Rhizobacter",NA
"ASV791","Bacteria","Proteobacteria","Alphaproteobacteria","Sphingomonadales","Sphingomonadaceae","Sphingomonas",NA
"ASV792","Bacteria","Bacteroidota","Bacteroidia","Flavobacteriales","Crocinitomicaceae","Fluviicola",NA
"ASV794","Bacteria","Proteobacteria","Gammaproteobacteria","Enterobacterales","Enterobacteriaceae","Klebsiella",NA
"ASV796","Bacteria","Bacteroidota","Bacteroidia","Flavobacteriales","Weeksellaceae","Chryseobacterium","taihuense"
"ASV797","Bacteria","Bacteroidota","Bacteroidia","Chitinophagales","Chitinophagaceae","Aurantisolimonas",NA
"ASV801","Bacteria","Proteobacteria","Alphaproteobacteria","Sphingomonadales","Sphingomonadaceae","Parablastomonas",NA
"ASV804","Bacteria","Proteobacteria","Gammaproteobacteria","Burkholderiales","Comamonadaceae","Limnohabitans",NA
"ASV805","Bacteria","Proteobacteria","Alphaproteobacteria","Holosporales","Holosporaceae",NA,NA
"ASV806","Bacteria","Bacteroidota","Bacteroidia","Sphingobacteriales","env.OPS 17",NA,NA
"ASV808","Bacteria","Actinobacteriota","Actinobacteria","Frankiales","Sporichthyaceae","hgcI clade",NA
"ASV810","Bacteria","Actinobacteriota","Actinobacteria","Micrococcales","Microbacteriaceae","MWH-Ta3",NA
"ASV812","Bacteria","Bacteroidota","Bacteroidia","Cytophagales",NA,NA,NA
"ASV819","Bacteria","Bacteroidota","Bacteroidia","Sphingobacteriales","NS11-12 marine group",NA,NA
"ASV820","Bacteria","Proteobacteria","Alphaproteobacteria","Rickettsiales",NA,NA,NA
"ASV823","Bacteria","Cyanobacteria","Cyanobacteriia","Cyanobacteriales","Microcystaceae","Snowella 0TU37S04","litoralis"
"ASV824","Bacteria","Proteobacteria","Gammaproteobacteria","Burkholderiales","Comamonadaceae",NA,NA
"ASV828","Bacteria","Bacteroidota","Bacteroidia","Flavobacteriales","Flavobacteriaceae","Flavobacterium",NA
"ASV829","Bacteria","Actinobacteriota","Acidimicrobiia","Microtrichales","Ilumatobacteraceae","CL500-29 marine group",NA
"ASV835","Bacteria","Bacteroidota","Bacteroidia","Cytophagales","Microscillaceae",NA,NA
"ASV836","Bacteria","Verrucomicrobiota","Verrucomicrobiae","Opitutales","Opitutaceae","IMCC26134",NA
"ASV838","Bacteria","Bacteroidota","Bacteroidia","Flavobacteriales","Flavobacteriaceae","Flavobacterium",NA
"ASV839","Bacteria","Proteobacteria","Gammaproteobacteria","Burkholderiales","Chitinibacteraceae","Deefgea","rivuli"
"ASV840","Bacteria","Bacteroidota","Bacteroidia","Flavobacteriales","Flavobacteriaceae","Flavobacterium","terrigena"
"ASV841","Bacteria","Proteobacteria","Gammaproteobacteria","Burkholderiales","Comamonadaceae","Rhizobacter",NA
"ASV842","Bacteria","Actinobacteriota","Actinobacteria","Micrococcales","Microbacteriaceae","Galbitalea",NA
"ASV845","Bacteria","Bacteroidota","Bacteroidia","Sphingobacteriales","env.OPS 17",NA,NA
"ASV846","Bacteria","Proteobacteria","Gammaproteobacteria","Burkholderiales","Comamonadaceae","Leptothrix",NA
"ASV847","Bacteria","Proteobacteria","Alphaproteobacteria","Sphingomonadales","Sphingomonadaceae","Sphingorhabdus","wooponensis"
"ASV848","Bacteria","Bdellovibrionota","Bdellovibrionia","Bacteriovoracales","Bacteriovoracaceae","Peredibacter",NA
"ASV850","Bacteria","Proteobacteria","Gammaproteobacteria","Burkholderiales","Comamonadaceae","Rhizobacter",NA
"ASV851","Bacteria","Bdellovibrionota","Bdellovibrionia","Bdellovibrionales","Bdellovibrionaceae","Bdellovibrio",NA
"ASV852","Bacteria","Actinobacteriota","Actinobacteria","Frankiales","Sporichthyaceae","hgcI clade",NA
"ASV853","Bacteria","Verrucomicrobiota","Verrucomicrobiae","Verrucomicrobiales","Rubritaleaceae","Luteolibacter",NA
"ASV854","Bacteria","Proteobacteria","Alphaproteobacteria","Rhizobiales","Rhizobiaceae","Neorhizobium",NA
"ASV858","Bacteria","Proteobacteria","Gammaproteobacteria","Burkholderiales","Chitinibacteraceae","Chitinibacter",NA
"ASV861","Bacteria","Actinobacteriota","Actinobacteria","Micrococcales","Microbacteriaceae",NA,NA
"ASV862","Bacteria","Planctomycetota","Planctomycetes","Gemmatales","Gemmataceae","Zavarzinella",NA
"ASV863","Bacteria","Actinobacteriota","Actinobacteria","Corynebacteriales","Mycobacteriaceae","Mycobacterium",NA
"ASV864","Bacteria","Firmicutes","Clostridia","Clostridiales","Clostridiaceae","Clostridium sensu stricto 1",NA
"ASV870","Bacteria","Cyanobacteria","Cyanobacteriia","Pseudanabaenales","Pseudanabaenaceae","Pseudanabaena PCC-7429","frigida"
"ASV871","Bacteria","Cyanobacteria","Cyanobacteriia","Cyanobacteriales","Nostocaceae","Aphanizomenon NIES81",NA
"ASV873","Bacteria","Proteobacteria","Gammaproteobacteria","Pseudomonadales","Cellvibrionaceae","Cellvibrio","gandavensis"
"ASV874","Bacteria","Proteobacteria","Alphaproteobacteria","Rickettsiales","Candidatus Hepatincola",NA,NA
"ASV875","Bacteria","Bacteroidota","Bacteroidia","Flavobacteriales","Flavobacteriaceae","Flavobacterium",NA
"ASV883","Bacteria","Proteobacteria","Gammaproteobacteria","Burkholderiales","Oxalobacteraceae",NA,NA
"ASV886","Bacteria","Proteobacteria","Alphaproteobacteria","Rhizobiales","Beijerinckiaceae","alphaI cluster",NA
"ASV887","Bacteria","Gemmatimonadota","Gemmatimonadetes","Gemmatimonadales","Gemmatimonadaceae","Gemmatimonas",NA
"ASV889","Bacteria","Actinobacteriota","Actinobacteria","Frankiales","Sporichthyaceae","hgcI clade",NA
"ASV894","Bacteria","Proteobacteria","Gammaproteobacteria","Burkholderiales","Neisseriaceae",NA,NA
"ASV899","Bacteria","Cyanobacteria","Cyanobacteriia","Synechococcales","Cyanobiaceae","Cyanobium PCC-6307",NA
"ASV907","Bacteria","Verrucomicrobiota","Omnitrophia","Omnitrophales","Omnitrophaceae","Candidatus Omnitrophus",NA
"ASV913","Bacteria","Bacteroidota","Bacteroidia","Cytophagales","Spirosomaceae","Arcicella","aurantiaca"
"ASV917","Bacteria","Proteobacteria","Alphaproteobacteria","Rickettsiales","Rickettsiaceae",NA,NA
"ASV918","Bacteria","Proteobacteria","Alphaproteobacteria","Caulobacterales","Caulobacteraceae","Caulobacter",NA
"ASV920","Bacteria","Proteobacteria","Alphaproteobacteria","Rickettsiales","Fokiniaceae","MD3-55",NA
"ASV921","Bacteria","Proteobacteria","Alphaproteobacteria","Caulobacterales","Caulobacteraceae","Caulobacter",NA
"ASV926","Bacteria","Acidobacteriota","Holophagae","Holophagales","Holophagaceae","Geothrix","fermentans"
"ASV930","Bacteria","Bacteroidota","Bacteroidia","Chitinophagales","Chitinophagaceae","Sediminibacterium","salmoneum"
"ASV932","Bacteria","Proteobacteria","Alphaproteobacteria","Rhizobiales","A0839",NA,NA
"ASV934","Bacteria","Proteobacteria",NA,NA,NA,NA,NA
"ASV935","Bacteria","Verrucomicrobiota","Verrucomicrobiae","Opitutales","Opitutaceae","Diplosphaera",NA
"ASV937","Bacteria","Proteobacteria","Gammaproteobacteria","Burkholderiales","Comamonadaceae","Curvibacter",NA
"ASV944","Bacteria","Bacteroidota","Bacteroidia","Flavobacteriales","NS9 marine group",NA,NA
"ASV946","Bacteria","Fusobacteriota","Fusobacteriia","Fusobacteriales","Fusobacteriaceae","Cetobacterium",NA
"ASV947","Bacteria","Bacteroidota","Bacteroidia","Sphingobacteriales","NS11-12 marine group",NA,NA
"ASV949","Bacteria","Planctomycetota","Planctomycetes","Pirellulales","Pirellulaceae","Pirellula",NA
"ASV955","Bacteria","Bacteroidota","Bacteroidia","Chitinophagales","Chitinophagaceae","Ferruginibacter",NA
"ASV959","Bacteria","Proteobacteria","Gammaproteobacteria","Burkholderiales","Oxalobacteraceae",NA,NA
"ASV964","Bacteria","Proteobacteria","Alphaproteobacteria","Rhizobiales","Beijerinckiaceae","FukuN57",NA
"ASV970","Bacteria","Actinobacteriota","Actinobacteria","PeM15",NA,NA,NA
"ASV972","Bacteria","Verrucomicrobiota","Verrucomicrobiae","Chthoniobacterales","Chthoniobacteraceae","LD29",NA
"ASV978","Bacteria","Bacteroidota","Bacteroidia","Chitinophagales","Chitinophagaceae","Edaphobaculum",NA
"ASV979","Bacteria","Bacteroidota","Bacteroidia","Flavobacteriales","Flavobacteriaceae","Flavobacterium","saccharophilum"
"ASV980","Bacteria","Proteobacteria","Gammaproteobacteria","Burkholderiales","Oxalobacteraceae","Massilia",NA
"ASV981","Bacteria","Proteobacteria","Alphaproteobacteria","Holosporales","Holosporaceae","Holospora",NA
"ASV987","Bacteria","Planctomycetota","Phycisphaerae","Phycisphaerales","Phycisphaeraceae","CL500-3",NA
"ASV994","Bacteria","Proteobacteria","Alphaproteobacteria","Rhizobiales","Rhizobiaceae","Allorhizobium-Neorhizobium-Pararhizobium-Rhizobium",NA
"ASV995","Bacteria","Actinobacteriota","Actinobacteria","Propionibacteriales","Propionibacteriaceae","Cutibacterium",NA
"ASV996","Bacteria","Bacteroidota","Bacteroidia","Flavobacteriales","Weeksellaceae","Elizabethkingia",NA
"ASV999","Bacteria","Bacteroidota","Bacteroidia","Sphingobacteriales","NS11-12 marine group",NA,NA
"ASV1000","Bacteria","Proteobacteria","Alphaproteobacteria","Zavarziniales",NA,NA,NA
"ASV1001","Bacteria","Bdellovibrionota","Bdellovibrionia","Bdellovibrionales","Bdellovibrionaceae","Bdellovibrio",NA
"ASV1004","Bacteria","Verrucomicrobiota","Verrucomicrobiae","Opitutales","Opitutaceae",NA,NA
"ASV1005","Bacteria","Planctomycetota","Planctomycetes","Pirellulales","Pirellulaceae",NA,NA
"ASV1007","Bacteria","Bacteroidota","Bacteroidia","Chitinophagales","Chitinophagaceae","Sediminibacterium",NA
"ASV1008","Bacteria","Verrucomicrobiota","Omnitrophia","Omnitrophales","Omnitrophaceae","Candidatus Omnitrophus",NA
"ASV1009","Bacteria","Bacteroidota","Bacteroidia","Chitinophagales","Saprospiraceae",NA,NA
"ASV1010","Bacteria","Proteobacteria","Gammaproteobacteria","Burkholderiales","Oxalobacteraceae",NA,NA
"ASV1016","Bacteria","Myxococcota","Polyangia","Blfdi19",NA,NA,NA
"ASV1018","Bacteria","Bacteroidota","Bacteroidia","Flavobacteriales","Crocinitomicaceae","Fluviicola",NA
"ASV1021","Bacteria","Firmicutes","Clostridia","Lachnospirales","Lachnospiraceae","Epulopiscium",NA
"ASV1024","Bacteria","Proteobacteria","Alphaproteobacteria","Paracaedibacterales","Paracaedibacteraceae","Candidatus Paracaedibacter",NA
"ASV1036","Bacteria","Proteobacteria","Gammaproteobacteria","Burkholderiales","Comamonadaceae","Inhella","inkyongensis"
"ASV1037","Bacteria","Proteobacteria","Gammaproteobacteria","Burkholderiales","T34",NA,NA
"ASV1043","Bacteria","Bdellovibrionota","Bdellovibrionia","Bacteriovoracales","Bacteriovoracaceae","Peredibacter",NA
"ASV1045","Bacteria","Bacteroidota","Bacteroidia","Flavobacteriales","Flavobacteriaceae","Flavobacterium",NA
"ASV1047","Bacteria","Proteobacteria","Gammaproteobacteria","Burkholderiales","Nitrosomonadaceae","Ellin6067",NA
"ASV1052","Bacteria","Bacteroidota","Bacteroidia","Chitinophagales","Chitinophagaceae","Edaphobaculum",NA
"ASV1053","Bacteria","Proteobacteria","Gammaproteobacteria","Burkholderiales","Oxalobacteraceae","Undibacterium","parvum"
"ASV1055","Bacteria","Bacteroidota","Bacteroidia","Chitinophagales","Saprospiraceae",NA,NA
"ASV1057","Bacteria","Gemmatimonadota","Gemmatimonadetes","Gemmatimonadales","Gemmatimonadaceae","Gemmatimonas",NA
"ASV1058","Bacteria","Proteobacteria","Gammaproteobacteria","Burkholderiales","Comamonadaceae","Ideonella",NA
"ASV1059","Bacteria","Bdellovibrionota","Oligoflexia","0319-6G20",NA,NA,NA
"ASV1065","Bacteria","Proteobacteria","Gammaproteobacteria","Burkholderiales",NA,NA,NA
"ASV1068","Bacteria","Proteobacteria","Gammaproteobacteria","Legionellales","Legionellaceae","Legionella",NA
"ASV1069","Bacteria","Proteobacteria","Gammaproteobacteria","Burkholderiales","Comamonadaceae","Inhella",NA
"ASV1075","Bacteria","Gemmatimonadota","Gemmatimonadetes","Gemmatimonadales","Gemmatimonadaceae","Gemmatimonas",NA
"ASV1077","Bacteria","Verrucomicrobiota","Verrucomicrobiae","Chthoniobacterales","Terrimicrobiaceae","Terrimicrobium",NA
"ASV1080","Bacteria","Campylobacterota","Campylobacteria","Campylobacterales","Arcobacteraceae","Pseudarcobacter",NA
"ASV1084","Bacteria","Proteobacteria","Gammaproteobacteria","Burkholderiales","Oxalobacteraceae","Duganella","zoogloeoides"
"ASV1085","Bacteria","Proteobacteria","Gammaproteobacteria","Burkholderiales","Oxalobacteraceae","Duganella","zoogloeoides"
"ASV1088","Bacteria","Proteobacteria","Gammaproteobacteria","Burkholderiales","Comamonadaceae",NA,NA
"ASV1091","Bacteria","Proteobacteria","Alphaproteobacteria","Rickettsiales","Rickettsiaceae","Candidatus Megaira",NA
"ASV1094","Bacteria","Firmicutes","Clostridia","Clostridiales","Clostridiaceae","Clostridium sensu stricto 1",NA
"ASV1095","Bacteria","Proteobacteria","Gammaproteobacteria","Xanthomonadales","Xanthomonadaceae","Silanimonas",NA
"ASV1099","Bacteria","Proteobacteria","Gammaproteobacteria","Burkholderiales","Chitinibacteraceae","Iodobacter",NA
"ASV1100","Bacteria","Bacteroidota","Bacteroidia","Flavobacteriales","Crocinitomicaceae","Fluviicola",NA
"ASV1101","Bacteria","Cyanobacteria","Cyanobacteriia","Cyanobacteriales","Nostocaceae","Scytonema UTEX 2349",NA
"ASV1105","Bacteria","Verrucomicrobiota","Omnitrophia","Omnitrophales","Omnitrophaceae","Candidatus Omnitrophus",NA
"ASV1107","Bacteria","Proteobacteria","Alphaproteobacteria","Paracaedibacterales","Paracaedibacteraceae","Candidatus Captivus",NA
"ASV1110","Bacteria","Proteobacteria","Alphaproteobacteria","Caulobacterales","Caulobacteraceae","Brevundimonas",NA
"ASV1113","Bacteria","Proteobacteria","Alphaproteobacteria","Caulobacterales","Caulobacteraceae","Brevundimonas",NA
"ASV1115","Bacteria","Bacteroidota","Bacteroidia","Sphingobacteriales",NA,NA,NA
"ASV1116","Bacteria","Bacteroidota","Bacteroidia","Sphingobacteriales","env.OPS 17",NA,NA
"ASV1118","Bacteria","Cyanobacteria","Cyanobacteriia","Pseudanabaenales","Pseudanabaenaceae","Synechococcus PCC-7502",NA
"ASV1122","Bacteria","Actinobacteriota","Acidimicrobiia","Microtrichales","Ilumatobacteraceae","CL500-29 marine group",NA
"ASV1127","Bacteria","Proteobacteria","Gammaproteobacteria","Burkholderiales","Oxalobacteraceae","Undibacterium",NA
"ASV1134","Bacteria","Proteobacteria","Alphaproteobacteria","Holosporales","Holosporaceae",NA,NA
"ASV1138","Bacteria","Bacteroidota","Bacteroidia","Chitinophagales",NA,NA,NA
"ASV1140","Bacteria","Proteobacteria","Gammaproteobacteria","Pseudomonadales","Moraxellaceae","Acinetobacter",NA
"ASV1142","Bacteria","Bacteroidota","Bacteroidia","Sphingobacteriales",NA,NA,NA
"ASV1151","Bacteria","Gemmatimonadota","Gemmatimonadetes","Gemmatimonadales","Gemmatimonadaceae","Gemmatimonas",NA
"ASV1152","Bacteria","Proteobacteria","Gammaproteobacteria","Burkholderiales","Comamonadaceae","Leptothrix",NA
"ASV1155","Bacteria","Verrucomicrobiota","Omnitrophia","Omnitrophales","Omnitrophaceae","Candidatus Omnitrophus",NA
"ASV1156","Bacteria","Bacteroidota","Bacteroidia","Chitinophagales","Chitinophagaceae",NA,NA
"ASV1159","Bacteria","Proteobacteria","Gammaproteobacteria","Burkholderiales","Comamonadaceae","Curvibacter",NA
"ASV1160","Bacteria","Proteobacteria",NA,NA,NA,NA,NA
"ASV1161","Bacteria","Planctomycetota","Planctomycetes","Pirellulales","Pirellulaceae",NA,NA
"ASV1162","Bacteria","Proteobacteria","Alphaproteobacteria","Rickettsiales","Fokiniaceae",NA,NA
"ASV1165","Bacteria","Proteobacteria","Alphaproteobacteria","Sphingomonadales","Sphingomonadaceae","Novosphingobium",NA
"ASV1168","Bacteria","Desulfobacterota","Desulfuromonadia","Geobacterales","Geobacteraceae","Geobacter","psychrophilus"
"ASV1173","Bacteria","Proteobacteria","Gammaproteobacteria","Pseudomonadales","Halieaceae","OM60(NOR5) clade",NA
"ASV1175","Bacteria","Proteobacteria","Gammaproteobacteria","Burkholderiales","Rhodocyclaceae","Candidatus Accumulibacter",NA
"ASV1183","Bacteria","Bacteroidota","Bacteroidia","Cytophagales","Microscillaceae",NA,NA
"ASV1184","Bacteria","Myxococcota","Polyangia","Polyangiales","Sandaracinaceae","Sandaracinus",NA
"ASV1185","Bacteria","Verrucomicrobiota","Verrucomicrobiae","Opitutales","Opitutaceae","Cephaloticoccus",NA
"ASV1188","Bacteria","Proteobacteria",NA,NA,NA,NA,NA
"ASV1190","Bacteria","Bacteroidota","Bacteroidia","Cytophagales","Amoebophilaceae","Candidatus Cardinium",NA
"ASV1191","Bacteria","Proteobacteria","Gammaproteobacteria","Burkholderiales","Oxalobacteraceae","Undibacterium",NA
"ASV1196","Bacteria","Bacteroidota","Bacteroidia","Sphingobacteriales","NS11-12 marine group",NA,NA
"ASV1198","Bacteria","Bacteroidota","Bacteroidia","Chitinophagales","Chitinophagaceae",NA,NA
"ASV1200","Bacteria","Proteobacteria","Gammaproteobacteria","Enterobacterales","Enterobacteriaceae",NA,NA
"ASV1212","Bacteria","Planctomycetota","Planctomycetes","Pirellulales","Pirellulaceae","Pirellula",NA
"ASV1213","Bacteria","Bacteroidota","Bacteroidia","Chitinophagales","Chitinophagaceae","Sediminibacterium",NA
"ASV1216","Bacteria","Cyanobacteria","Cyanobacteriia","Pseudanabaenales","Pseudanabaenaceae","Pseudanabaena PCC-7429",NA
"ASV1217","Bacteria","Proteobacteria","Alphaproteobacteria","Rhodobacterales","Rhodobacteraceae","Cereibacter",NA
"ASV1218","Bacteria","Proteobacteria","Gammaproteobacteria","Xanthomonadales","Xanthomonadaceae","Stenotrophomonas",NA
"ASV1223","Bacteria","Myxococcota","Polyangia","Polyangiales","Polyangiaceae","Pajaroellobacter",NA
"ASV1224","Bacteria","Proteobacteria","Alphaproteobacteria","Sphingomonadales","Sphingomonadaceae","Rhizorhapis",NA
"ASV1225","Bacteria","Bacteroidota","Bacteroidia","Cytophagales","Microscillaceae",NA,NA
"ASV1226","Bacteria","Proteobacteria","Alphaproteobacteria","Caulobacterales","Hyphomonadaceae","UKL13-1",NA
"ASV1229","Bacteria","Planctomycetota","Planctomycetes","Isosphaerales","Isosphaeraceae",NA,NA
"ASV1231","Bacteria","Proteobacteria","Alphaproteobacteria","Holosporales","Holosporaceae","Holospora",NA
"ASV1233","Bacteria","Dependentiae","Babeliae","Babeliales","UBA12409",NA,NA
"ASV1234","Bacteria","Planctomycetota","Planctomycetes","Pirellulales","Pirellulaceae","Pirellula",NA
"ASV1236","Bacteria","Proteobacteria","Alphaproteobacteria","Rhizobiales","A0839",NA,NA
"ASV1237","Bacteria","Proteobacteria","Alphaproteobacteria","Sphingomonadales","Sphingomonadaceae","Sphingobium",NA
"ASV1238","Bacteria","Proteobacteria","Alphaproteobacteria","Azospirillales","Azospirillaceae",NA,NA
"ASV1241","Bacteria","Proteobacteria","Gammaproteobacteria","Burkholderiales","Comamonadaceae",NA,NA
"ASV1242","Bacteria","Proteobacteria","Alphaproteobacteria","Acetobacterales","Acetobacteraceae","Roseomonas",NA
"ASV1246","Bacteria","Bacteroidota","Bacteroidia","Cytophagales","Microscillaceae",NA,NA
"ASV1247","Bacteria","Proteobacteria","Gammaproteobacteria","Burkholderiales","Oxalobacteraceae","Massilia",NA
"ASV1249","Bacteria","Bdellovibrionota","Bdellovibrionia","Bacteriovoracales","Bacteriovoracaceae","Peredibacter",NA
"ASV1250","Bacteria","Verrucomicrobiota","Verrucomicrobiae","Verrucomicrobiales","Verrucomicrobiaceae","Prosthecobacter",NA
"ASV1251","Bacteria","Proteobacteria","Gammaproteobacteria","Burkholderiales","Comamonadaceae",NA,NA
"ASV1254","Bacteria","Bacteroidota","Bacteroidia","Sphingobacteriales","NS11-12 marine group",NA,NA
"ASV1255","Bacteria","Proteobacteria","Gammaproteobacteria","Burkholderiales","Comamonadaceae",NA,NA
"ASV1261","Bacteria","Proteobacteria","Gammaproteobacteria","Burkholderiales",NA,NA,NA
"ASV1262","Bacteria","Actinobacteriota","Actinobacteria","Micrococcales","Microbacteriaceae","Candidatus Planktoluna",NA
"ASV1267","Bacteria","Proteobacteria","Alphaproteobacteria","Sphingomonadales","Sphingomonadaceae","Sphingomonas",NA
"ASV1270","Bacteria","Proteobacteria",NA,NA,NA,NA,NA
"ASV1271","Bacteria","Proteobacteria","Gammaproteobacteria","Burkholderiales","Comamonadaceae","Rhodoferax",NA
"ASV1272","Bacteria","Verrucomicrobiota","Verrucomicrobiae","Chthoniobacterales","Chthoniobacteraceae","Chthoniobacter",NA
"ASV1285","Bacteria","Proteobacteria","Alphaproteobacteria","Rickettsiales",NA,NA,NA
"ASV1286","Bacteria","Proteobacteria","Alphaproteobacteria","Rhodobacterales","Rhodobacteraceae","Tabrizicola","aquatica"
"ASV1288","Bacteria","Actinobacteriota","Actinobacteria","Micrococcales","Microbacteriaceae","Candidatus Aquiluna",NA
"ASV1297","Bacteria","Proteobacteria","Alphaproteobacteria","Rhodobacterales","Rhodobacteraceae","Rhodobacter",NA
"ASV1300","Bacteria","Bacteroidota","Bacteroidia","Flavobacteriales","Crocinitomicaceae","Fluviicola",NA
"ASV1302","Bacteria","Proteobacteria","Gammaproteobacteria","Burkholderiales","Comamonadaceae","Leptothrix",NA
"ASV1303","Bacteria","Proteobacteria","Alphaproteobacteria","Rhodobacterales","Rhodobacteraceae",NA,NA
"ASV1305","Bacteria","Proteobacteria","Alphaproteobacteria","Paracaedibacterales","Paracaedibacteraceae","Candidatus Captivus",NA
"ASV1307","Bacteria","Proteobacteria","Gammaproteobacteria","Pseudomonadales","Cellvibrionaceae",NA,NA
"ASV1308","Bacteria","Cyanobacteria","Cyanobacteriia","Synechococcales","Cyanobiaceae","Cyanobium PCC-6307",NA
"ASV1314","Bacteria","Bacteroidota","Bacteroidia","Flavobacteriales","Flavobacteriaceae","Flavobacterium",NA
"ASV1316","Bacteria","Bdellovibrionota","Bdellovibrionia","Bdellovibrionales","Bdellovibrionaceae","OM27 clade",NA
"ASV1317","Bacteria","Actinobacteriota","Actinobacteria","Micrococcales","Microbacteriaceae","MWH-Ta3",NA
"ASV1318","Bacteria","Verrucomicrobiota","Verrucomicrobiae","Pedosphaerales","Pedosphaeraceae",NA,NA
"ASV1328","Bacteria","Proteobacteria","Gammaproteobacteria","Burkholderiales","Chitinibacteraceae","Deefgea",NA
"ASV1332","Bacteria","Proteobacteria","Alphaproteobacteria","Paracaedibacterales","Paracaedibacteraceae","Candidatus Paracaedibacter",NA
"ASV1333","Bacteria","Verrucomicrobiota","Verrucomicrobiae","Opitutales","Opitutaceae","Lacunisphaera","limnophila"
"ASV1335","Bacteria","Proteobacteria","Gammaproteobacteria","Burkholderiales","Comamonadaceae",NA,NA
"ASV1337","Bacteria","Proteobacteria","Gammaproteobacteria","Enterobacterales",NA,NA,NA
"ASV1339","Bacteria","Bdellovibrionota","Bdellovibrionia","Bacteriovoracales","Bacteriovoracaceae","Bacteriovorax",NA
"ASV1344","Bacteria","Verrucomicrobiota","Omnitrophia","Omnitrophales","Omnitrophaceae","Candidatus Omnitrophus",NA
"ASV1346","Bacteria","Proteobacteria","Gammaproteobacteria","Legionellales","Legionellaceae","Legionella",NA
"ASV1349","Bacteria","Myxococcota","Polyangia","Polyangiales","Polyangiaceae",NA,NA
"ASV1351","Bacteria","Proteobacteria","Gammaproteobacteria","Pseudomonadales","Moraxellaceae","Cavicella",NA
"ASV1353","Bacteria","Proteobacteria","Alphaproteobacteria","Caulobacterales","Caulobacteraceae","Brevundimonas",NA
"ASV1354","Bacteria","Cyanobacteria","Cyanobacteriia","Synechococcales","Cyanobiaceae","Cyanobium PCC-6307",NA
"ASV1355","Bacteria","Gemmatimonadota","Gemmatimonadetes","Gemmatimonadales","Gemmatimonadaceae","Gemmatimonas",NA
"ASV1356","Bacteria","Proteobacteria","Gammaproteobacteria","Burkholderiales","Nitrosomonadaceae","Ellin6067",NA
"ASV1358","Bacteria","Proteobacteria","Gammaproteobacteria","Enterobacterales",NA,NA,NA
"ASV1361","Bacteria","Bacteroidota","Bacteroidia","Chitinophagales","Chitinophagaceae","Parasediminibacterium",NA
"ASV1364","Bacteria","Desulfobacterota","Desulfuromonadia","Geobacterales","Geobacteraceae","Geobacter",NA
"ASV1366","Bacteria","Proteobacteria","Gammaproteobacteria","Burkholderiales","Oxalobacteraceae","Undibacterium",NA
"ASV1372","Bacteria","Proteobacteria","Gammaproteobacteria","Burkholderiales","Comamonadaceae","Xylophilus",NA
"ASV1376","Bacteria","Proteobacteria","Alphaproteobacteria","Paracaedibacterales","Paracaedibacteraceae",NA,NA
"ASV1390","Bacteria","Proteobacteria","Alphaproteobacteria","Caulobacterales","Caulobacteraceae","Phenylobacterium",NA
"ASV1395","Bacteria","Proteobacteria","Alphaproteobacteria","Rickettsiales","SM2D12",NA,NA
"ASV1396","Bacteria","Verrucomicrobiota","Verrucomicrobiae","Chthoniobacterales","Terrimicrobiaceae","FukuN18 freshwater group",NA
"ASV1408","Bacteria","Bacteroidota","Bacteroidia","Cytophagales","Spirosomaceae","Emticicia",NA
"ASV1411","Bacteria","Proteobacteria","Alphaproteobacteria","Rhodospirillales",NA,NA,NA
"ASV1419","Bacteria","Bacteroidota","Bacteroidia","Sphingobacteriales","env.OPS 17",NA,NA
"ASV1421","Bacteria","Proteobacteria","Alphaproteobacteria","Rickettsiales","Rickettsiaceae",NA,NA
"ASV1428","Bacteria","Proteobacteria","Gammaproteobacteria","Burkholderiales","Comamonadaceae",NA,NA
"ASV1429","Bacteria","Bacteroidota","Bacteroidia","Flavobacteriales","Flavobacteriaceae","Flavobacterium",NA
"ASV1439","Bacteria","Verrucomicrobiota","Verrucomicrobiae","Verrucomicrobiales","Rubritaleaceae","Luteolibacter",NA
"ASV1440","Bacteria","Proteobacteria","Alphaproteobacteria","Sphingomonadales","Sphingomonadaceae","Porphyrobacter",NA
"ASV1442","Bacteria","Patescibacteria","Parcubacteria","Candidatus Nomurabacteria",NA,NA,NA
"ASV1443","Bacteria","Proteobacteria",NA,NA,NA,NA,NA
"ASV1445","Bacteria","Proteobacteria","Alphaproteobacteria","Rhizobiales","Rhizobiaceae","Allorhizobium-Neorhizobium-Pararhizobium-Rhizobium",NA
"ASV1447","Bacteria","Bdellovibrionota","Bdellovibrionia","Bacteriovoracales","Bacteriovoracaceae","Bacteriovorax",NA
"ASV1451","Bacteria","Bacteroidota","Bacteroidia","Sphingobacteriales","NS11-12 marine group",NA,NA
"ASV1456","Bacteria","Proteobacteria","Alphaproteobacteria","Acetobacterales","Acetobacteraceae","Roseococcus",NA
"ASV1464","Bacteria","Proteobacteria","Gammaproteobacteria","Enterobacterales","Shewanellaceae","Shewanella",NA
"ASV1465","Bacteria","Proteobacteria","Gammaproteobacteria","Pseudomonadales","Moraxellaceae","Acinetobacter",NA
"ASV1468","Bacteria","Proteobacteria","Alphaproteobacteria","Elsterales","Elsteraceae",NA,NA
"ASV1469","Bacteria","Proteobacteria","Alphaproteobacteria","Paracaedibacterales","Paracaedibacteraceae",NA,NA
"ASV1472","Bacteria","Proteobacteria","Gammaproteobacteria","Enterobacterales","Aeromonadaceae","Aeromonas",NA
"ASV1475","Bacteria","Proteobacteria","Gammaproteobacteria","Burkholderiales","Chromobacteriaceae","Aquitalea",NA
"ASV1477","Bacteria","Bacteroidota","Bacteroidia","Sphingobacteriales","NS11-12 marine group",NA,NA
"ASV1497","Bacteria","Bacteroidota","Bacteroidia","Flavobacteriales","Flavobacteriaceae","Flavobacterium",NA
"ASV1503","Bacteria","Bacteroidota","Bacteroidia","Cytophagales",NA,NA,NA
"ASV1505","Bacteria","Proteobacteria","Gammaproteobacteria","Burkholderiales","Comamonadaceae",NA,NA
"ASV1512","Bacteria","Proteobacteria","Gammaproteobacteria","Burkholderiales","Comamonadaceae",NA,NA
"ASV1513","Bacteria","Proteobacteria","Gammaproteobacteria","Burkholderiales","Oxalobacteraceae","CM1G08",NA
"ASV1517","Bacteria","Actinobacteriota","Actinobacteria","Corynebacteriales","Mycobacteriaceae","Mycobacterium",NA
"ASV1523","Bacteria","Bacteroidota","Bacteroidia","Flavobacteriales","Flavobacteriaceae","Flavobacterium",NA
"ASV1526","Bacteria","Cyanobacteria","Cyanobacteriia","Synechococcales","Synechococcaceae",NA,NA
"ASV1529","Bacteria","Bdellovibrionota","Bdellovibrionia","Bacteriovoracales","Bacteriovoracaceae","Bacteriovorax",NA
"ASV1542","Bacteria","Bacteroidota","Bacteroidia","Flavobacteriales","Weeksellaceae","Chryseobacterium",NA
"ASV1544","Bacteria","Proteobacteria","Gammaproteobacteria","Burkholderiales","Comamonadaceae","Inhella",NA
"ASV1546","Bacteria","Proteobacteria","Alphaproteobacteria","Reyranellales","Reyranellaceae","Reyranella",NA
"ASV1553","Bacteria","Deinococcota","Deinococci","Deinococcales","Deinococcaceae",NA,NA
"ASV1557","Bacteria","Bacteroidota","Bacteroidia","Chitinophagales","Chitinophagaceae","Ferruginibacter",NA
"ASV1560","Bacteria","Proteobacteria","Alphaproteobacteria","Caulobacterales","Caulobacteraceae","Caulobacter","profundus"
"ASV1565","Bacteria","Proteobacteria","Gammaproteobacteria","Burkholderiales","Comamonadaceae",NA,NA
"ASV1566","Bacteria","Proteobacteria","Alphaproteobacteria","Rhodobacterales","Rhodobacteraceae","Rhodobacter",NA
"ASV1567","Bacteria","Verrucomicrobiota","Verrucomicrobiae","Opitutales","Opitutaceae","Cephaloticoccus",NA
"ASV1572","Bacteria","Proteobacteria","Gammaproteobacteria","Enterobacterales","Alteromonadaceae","Rheinheimera",NA
"ASV1584","Bacteria","Proteobacteria","Gammaproteobacteria","Enterobacterales","Aeromonadaceae","Aeromonas",NA
"ASV1590","Bacteria","Proteobacteria","Gammaproteobacteria","Burkholderiales","Sutterellaceae","AAP99",NA
"ASV1591","Bacteria","Proteobacteria","Alphaproteobacteria","Zavarziniales",NA,NA,NA
"ASV1596","Bacteria","Acidobacteriota","Acidobacteriae","Paludibaculum",NA,NA,NA
"ASV1601","Bacteria","Cyanobacteria","Cyanobacteriia","Cyanobacteriales","Microcystaceae","Snowella 0TU37S04",NA
"ASV1602","Bacteria","Proteobacteria","Gammaproteobacteria","Methylococcales","Methylomonadaceae","Crenothrix",NA
"ASV1605","Bacteria","Verrucomicrobiota","Verrucomicrobiae","Chthoniobacterales","Terrimicrobiaceae","Terrimicrobium",NA
"ASV1610","Bacteria","Proteobacteria","Gammaproteobacteria","Burkholderiales","Alcaligenaceae","Achromobacter",NA
"ASV1611","Bacteria","Proteobacteria","Alphaproteobacteria","Caulobacterales","Caulobacteraceae","Phenylobacterium",NA
"ASV1612","Bacteria","Bacteroidota","Bacteroidia","Cytophagales","Microscillaceae",NA,NA
"ASV1618","Bacteria","Bacteroidota","Bacteroidia","Chitinophagales","Chitinophagaceae","Ferruginibacter",NA
"ASV1622","Bacteria","Cyanobacteria","Cyanobacteriia","Gloeobacterales","Gloeobacteraceae","Gloeobacter PCC-7421",NA
"ASV1624","Bacteria","Proteobacteria","Alphaproteobacteria","Rickettsiales","Rickettsiaceae","Rickettsia",NA
"ASV1625","Bacteria","Proteobacteria",NA,NA,NA,NA,NA
"ASV1626","Bacteria","Patescibacteria","Saccharimonadia","Saccharimonadales","Saccharimonadaceae","TM7a",NA
"ASV1628","Bacteria","Proteobacteria","Gammaproteobacteria","Burkholderiales","Neisseriaceae",NA,NA
"ASV1629","Bacteria","Verrucomicrobiota","Verrucomicrobiae","Chthoniobacterales","Terrimicrobiaceae","FukuN18 freshwater group",NA
"ASV1630","Bacteria","Proteobacteria","Gammaproteobacteria","Piscirickettsiales","Piscirickettsiaceae","Candidatus Endoecteinascidia",NA
"ASV1633","Bacteria","Verrucomicrobiota","Verrucomicrobiae","Chthoniobacterales","Chthoniobacteraceae","Chthoniobacter",NA
"ASV1634","Bacteria","Bacteroidota","Bacteroidia","Flavobacteriales","Flavobacteriaceae","Flavobacterium",NA
"ASV1639","Bacteria","Bdellovibrionota","Bdellovibrionia","Bdellovibrionales","Bdellovibrionaceae","OM27 clade",NA
"ASV1644","Bacteria","Bacteroidota","Bacteroidia","Flavobacteriales","Flavobacteriaceae","Flavobacterium",NA
"ASV1645","Bacteria","Desulfobacterota","Desulfuromonadia","Geobacterales","Geobacteraceae","Geobacter",NA
"ASV1649","Bacteria","Verrucomicrobiota","Omnitrophia","Omnitrophales","Omnitrophaceae","Candidatus Omnitrophus",NA
"ASV1655","Bacteria","Proteobacteria","Alphaproteobacteria","Rhizobiales","Beijerinckiaceae","Methylobacterium-Methylorubrum",NA
"ASV1656","Bacteria","Bdellovibrionota","Bdellovibrionia","Bdellovibrionales","Bdellovibrionaceae","Bdellovibrio",NA
"ASV1659","Bacteria","Actinobacteriota","Actinobacteria","Micrococcales","Microbacteriaceae","Leucobacter","komagatae"
"ASV1669","Bacteria","Firmicutes","Bacilli","Bacillales","Planococcaceae",NA,NA
"ASV1671","Bacteria","Bacteroidota","Bacteroidia","Chitinophagales","Chitinophagaceae","Ferruginibacter",NA
"ASV1672","Bacteria","Proteobacteria","Gammaproteobacteria","Legionellales","Legionellaceae","Legionella",NA
"ASV1676","Bacteria","Proteobacteria","Gammaproteobacteria","Burkholderiales","Comamonadaceae","Aquabacterium",NA
"ASV1677","Bacteria","Proteobacteria","Alphaproteobacteria","Rhodobacterales","Rhodobacteraceae","Pseudorhodobacter",NA
"ASV1679","Bacteria","Verrucomicrobiota","Verrucomicrobiae","Pedosphaerales","Pedosphaeraceae","SH3-11",NA
"ASV1680","Bacteria","Cyanobacteria","Cyanobacteriia","Synechococcales","Cyanobiaceae","Cyanobium PCC-6307",NA
"ASV1683","Bacteria","Proteobacteria","Alphaproteobacteria","Acetobacterales","Acetobacteraceae",NA,NA
"ASV1685","Bacteria","Dependentiae","Babeliae","Babeliales","Vermiphilaceae",NA,NA
"ASV1686","Bacteria","Bdellovibrionota","Bdellovibrionia","Bacteriovoracales","Bacteriovoracaceae","Peredibacter",NA
"ASV1687","Bacteria","Proteobacteria","Alphaproteobacteria","Rickettsiales","Candidatus Hepatincola",NA,NA
"ASV1691","Bacteria","Proteobacteria","Gammaproteobacteria","Xanthomonadales","Xanthomonadaceae","Stenotrophomonas",NA
"ASV1692","Bacteria","Proteobacteria","Gammaproteobacteria","Burkholderiales","Comamonadaceae","Rhodoferax",NA
"ASV1698","Bacteria","Proteobacteria","Gammaproteobacteria","Burkholderiales","Neisseriaceae",NA,NA
"ASV1701","Bacteria","Proteobacteria","Gammaproteobacteria","Burkholderiales","Nitrosomonadaceae","DSSD61",NA
"ASV1711","Bacteria","Bdellovibrionota","Oligoflexia","Silvanigrellales","Silvanigrellaceae","Silvanigrella",NA
"ASV1713","Bacteria","Proteobacteria","Gammaproteobacteria","Burkholderiales","Methylophilaceae","Methylotenera",NA
"ASV1725","Bacteria","Cyanobacteria","Cyanobacteriia","Synechococcales","Cyanobiaceae","Cyanobium PCC-6307",NA
"ASV1729","Bacteria","Proteobacteria","Gammaproteobacteria","Burkholderiales","Chitinibacteraceae","Iodobacter",NA
"ASV1733","Bacteria","Proteobacteria","Alphaproteobacteria","SAR11 clade","Clade III",NA,NA
"ASV1737","Bacteria","Bacteroidota","Bacteroidia","Flavobacteriales","Weeksellaceae","Chryseobacterium",NA
"ASV1740","Bacteria","Firmicutes","Bacilli","Staphylococcales","Staphylococcaceae","Staphylococcus",NA
"ASV1745","Bacteria","Proteobacteria","Gammaproteobacteria","Burkholderiales","Sutterellaceae","AAP99",NA
"ASV1746","Bacteria","Bacteroidota","Bacteroidia","Chitinophagales","Chitinophagaceae","Ferruginibacter",NA
"ASV1756","Bacteria","Cyanobacteria","Cyanobacteriia","Cyanobacteriales","Phormidiaceae","Planktothrix NIVA-CYA 15",NA
"ASV1761","Bacteria","Proteobacteria",NA,NA,NA,NA,NA
"ASV1762","Bacteria","Verrucomicrobiota","Verrucomicrobiae","Pedosphaerales","Pedosphaeraceae",NA,NA
"ASV1765","Bacteria","Bacteroidota","Bacteroidia","Cytophagales","Microscillaceae",NA,NA
"ASV1769","Bacteria","Proteobacteria","Gammaproteobacteria","Burkholderiales","Oxalobacteraceae","Undibacterium","parvum"
"ASV1771","Bacteria","Cyanobacteria","Cyanobacteriia","Synechococcales","Cyanobiaceae","Cyanobium PCC-6307",NA
"ASV1772","Bacteria","Chloroflexi","Anaerolineae","SBR1031",NA,NA,NA
"ASV1778","Bacteria","Bacteroidota","Bacteroidia","Flavobacteriales","Weeksellaceae","Chryseobacterium",NA
"ASV1796","Bacteria","Proteobacteria","Gammaproteobacteria","Burkholderiales","Methylophilaceae","Methylotenera","versatilis"
"ASV1807","Bacteria","Proteobacteria",NA,NA,NA,NA,NA
"ASV1819","Bacteria","Proteobacteria","Gammaproteobacteria","Legionellales","Legionellaceae","Legionella",NA
"ASV1825","Bacteria","Proteobacteria","Gammaproteobacteria","Burkholderiales","Oxalobacteraceae","Undibacterium",NA
"ASV1829","Bacteria","Bacteroidota","Bacteroidia","Cytophagales","Spirosomaceae","Runella",NA
"ASV1833","Bacteria","Proteobacteria","Gammaproteobacteria","Burkholderiales","Alcaligenaceae","Parvibium",NA
"ASV1842","Bacteria","Acidobacteriota","Acidobacteriae","Bryobacterales","Bryobacteraceae","Bryobacter",NA
"ASV1848","Bacteria","Verrucomicrobiota","Verrucomicrobiae","Pedosphaerales","Pedosphaeraceae",NA,NA
"ASV1851","Bacteria","Bdellovibrionota","Bdellovibrionia","Bdellovibrionales","Bdellovibrionaceae","OM27 clade",NA
"ASV1864","Bacteria","Bacteroidota","Bacteroidia","Cytophagales","Spirosomaceae","Lacihabitans","soyangensis"
"ASV1865","Bacteria","Proteobacteria","Gammaproteobacteria","Burkholderiales","Rhodocyclaceae","Dechloromonas",NA
"ASV1867","Bacteria","Planctomycetota","Phycisphaerae","Tepidisphaerales","WD2101 soil group",NA,NA
"ASV1880","Bacteria","Planctomycetota","Planctomycetes","Gemmatales","Gemmataceae","Fimbriiglobus",NA
"ASV1882","Bacteria","Bdellovibrionota","Bdellovibrionia","Bacteriovoracales","Bacteriovoracaceae","Bacteriovorax",NA
"ASV1885","Bacteria","Bacteroidota","Bacteroidia","Flavobacteriales","Flavobacteriaceae","Flavobacterium",NA
"ASV1888","Bacteria","Proteobacteria","Gammaproteobacteria","Burkholderiales","Oxalobacteraceae","Undibacterium",NA
"ASV1892","Bacteria","Bacteroidota","Bacteroidia","Sphingobacteriales","NS11-12 marine group",NA,NA
"ASV1897","Bacteria","Verrucomicrobiota","Verrucomicrobiae","Verrucomicrobiales","Verrucomicrobiaceae",NA,NA
"ASV1901","Bacteria","Proteobacteria","Gammaproteobacteria","Burkholderiales","Comamonadaceae","Limnohabitans",NA
"ASV1903","Bacteria","Proteobacteria","Gammaproteobacteria","Pseudomonadales","Moraxellaceae","Enhydrobacter",NA
"ASV1914","Bacteria","Proteobacteria","Gammaproteobacteria","Burkholderiales",NA,NA,NA
"ASV1916","Bacteria","Proteobacteria","Alphaproteobacteria","Sphingomonadales","Sphingomonadaceae","Novosphingobium",NA
"ASV1928","Bacteria","Proteobacteria","Alphaproteobacteria","Rickettsiales","Rickettsiaceae",NA,NA
"ASV1929","Bacteria","Proteobacteria","Alphaproteobacteria","Reyranellales","Reyranellaceae","Reyranella",NA
"ASV1930","Bacteria","Bdellovibrionota","Bdellovibrionia","Bdellovibrionales","Bdellovibrionaceae","Bdellovibrio",NA
"ASV1934","Bacteria","Proteobacteria","Alphaproteobacteria","Acetobacterales","Acetobacteraceae","Roseomonas",NA
"ASV1936","Bacteria","Proteobacteria","Alphaproteobacteria","Rickettsiales","Candidatus Hepatincola",NA,NA
"ASV1940","Bacteria","Myxococcota","Polyangia","Haliangiales","Haliangiaceae","Haliangium",NA
"ASV1941","Bacteria","Patescibacteria","Saccharimonadia","Saccharimonadales","LWQ8",NA,NA
"ASV1943","Bacteria","Bacteroidota","Bacteroidia","Sphingobacteriales",NA,NA,NA
"ASV1948","Bacteria","Proteobacteria","Gammaproteobacteria","Burkholderiales","B1-7BS",NA,NA
"ASV1949","Bacteria","Proteobacteria","Gammaproteobacteria","Methylococcales","Methylomonadaceae","Crenothrix",NA
"ASV1955","Bacteria","Proteobacteria","Gammaproteobacteria","Methylococcales","Methylomonadaceae","Crenothrix",NA
"ASV1963","Bacteria","Proteobacteria",NA,NA,NA,NA,NA
"ASV1969","Bacteria","Proteobacteria","Alphaproteobacteria","Rickettsiales","Rickettsiaceae",NA,NA
"ASV1971","Bacteria","Proteobacteria","Gammaproteobacteria","Burkholderiales","Rhodocyclaceae",NA,NA
"ASV1975","Bacteria","Bdellovibrionota","Oligoflexia","Silvanigrellales","Silvanigrellaceae","Silvanigrella",NA
"ASV1980","Bacteria","Bacteroidota","Kapabacteria","Kapabacteriales",NA,NA,NA
"ASV1990","Bacteria","Proteobacteria","Gammaproteobacteria","Legionellales","Legionellaceae","Legionella",NA
"ASV1993","Bacteria","Proteobacteria","Gammaproteobacteria","Burkholderiales","Comamonadaceae",NA,NA
"ASV1998","Bacteria","Proteobacteria","Alphaproteobacteria","Rickettsiales","Candidatus Hepatincola",NA,NA
"ASV2001","Bacteria","Cyanobacteria","Cyanobacteriia","Cyanobacteriales","Microcystaceae",NA,NA
"ASV2002","Bacteria","Verrucomicrobiota","Verrucomicrobiae","Verrucomicrobiales","Verrucomicrobiaceae",NA,NA
"ASV2013","Bacteria","Acidobacteriota","Acidobacteriae","Paludibaculum",NA,NA,NA
"ASV2014","Bacteria","Proteobacteria","Alphaproteobacteria","Paracaedibacterales","Paracaedibacteraceae",NA,NA
"ASV2016","Bacteria","Bacteroidota","Bacteroidia","Cytophagales","Microscillaceae","OLB12",NA
"ASV2020","Bacteria","Cyanobacteria","Cyanobacteriia","Leptolyngbyales","Leptolyngbyaceae","Leptolyngbya SAG 2411",NA
"ASV2033","Bacteria","Proteobacteria","Alphaproteobacteria","Caulobacterales","Hyphomonadaceae","SWB02",NA
"ASV2036","Bacteria","Bacteroidota","Bacteroidia","Chitinophagales","Chitinophagaceae","Ferruginibacter",NA
"ASV2048","Bacteria","Proteobacteria","Gammaproteobacteria","Steroidobacterales","Steroidobacteraceae",NA,NA
"ASV2050","Bacteria","Proteobacteria",NA,NA,NA,NA,NA
"ASV2057","Bacteria","Proteobacteria","Alphaproteobacteria","Rickettsiales","Fokiniaceae","MD3-55",NA
"ASV2058","Bacteria","Acidobacteriota","Holophagae","Holophagales","Holophagaceae","Geothrix",NA
"ASV2065","Bacteria","Bacteroidota","Bacteroidia","Flavobacteriales","Crocinitomicaceae","Fluviicola",NA
"ASV2071","Bacteria","Proteobacteria","Gammaproteobacteria","Burkholderiales","Comamonadaceae","Rhizobacter",NA
"ASV2076","Bacteria","Proteobacteria","Alphaproteobacteria","Rickettsiales",NA,NA,NA
"ASV2082","Bacteria","Proteobacteria","Alphaproteobacteria","Rhizobiales","Xanthobacteraceae",NA,NA
"ASV2085","Bacteria","Proteobacteria","Alphaproteobacteria","Sphingomonadales","Sphingomonadaceae","Sphingomonas",NA
"ASV2086","Bacteria","Proteobacteria","Gammaproteobacteria","Burkholderiales","Oxalobacteraceae","Undibacterium",NA
"ASV2087","Bacteria","Proteobacteria","Alphaproteobacteria","Acetobacterales","Acetobacteraceae",NA,NA
"ASV2090","Bacteria","Dependentiae","Babeliae","Babeliales","Vermiphilaceae",NA,NA
"ASV2103","Bacteria","Proteobacteria","Gammaproteobacteria","Burkholderiales","Nitrosomonadaceae","966-1",NA
"ASV2108","Bacteria","Proteobacteria","Gammaproteobacteria","Methylococcales","Methylomonadaceae","Crenothrix",NA
"ASV2113","Bacteria","Planctomycetota","Planctomycetes","Planctomycetales","Rubinisphaeraceae",NA,NA
"ASV2117","Bacteria","Proteobacteria","Gammaproteobacteria","Burkholderiales","Comamonadaceae",NA,NA
"ASV2118","Bacteria","Proteobacteria","Alphaproteobacteria","Rhizobiales","Rhizobiales Incertae Sedis","Phreatobacter",NA
"ASV2121","Bacteria","Proteobacteria","Gammaproteobacteria","Burkholderiales","Chitinimonadaceae","Chitinimonas",NA
"ASV2135","Bacteria","Proteobacteria","Gammaproteobacteria","Xanthomonadales","Xanthomonadaceae","Luteimonas",NA
"ASV2136","Bacteria","Bacteroidota","Bacteroidia","Sphingobacteriales","env.OPS 17",NA,NA
"ASV2138","Bacteria","Bacteroidota","Bacteroidia","Bacteroidales","Bacteroidetes vadinHA17",NA,NA
"ASV2142","Bacteria","Actinobacteriota","Acidimicrobiia","Microtrichales","Ilumatobacteraceae","Ilumatobacter",NA
"ASV2152","Bacteria","Proteobacteria","Gammaproteobacteria","Burkholderiales","Comamonadaceae","Leptothrix",NA
"ASV2154","Bacteria","Myxococcota","Myxococcia","Myxococcales","Myxococcaceae","P3OB-42",NA
"ASV2156","Bacteria","Cyanobacteria","Cyanobacteriia","Synechococcales","Cyanobiaceae","Cyanobium PCC-6307",NA
"ASV2160","Bacteria","Dependentiae","Babeliae","Babeliales",NA,NA,NA
"ASV2164","Bacteria","Proteobacteria",NA,NA,NA,NA,NA
"ASV2180","Bacteria","Proteobacteria","Alphaproteobacteria","Paracaedibacterales","Paracaedibacteraceae","Candidatus Finniella",NA
"ASV2185","Bacteria","Bdellovibrionota","Oligoflexia","0319-6G20",NA,NA,NA
"ASV2201","Bacteria","Proteobacteria","Gammaproteobacteria","Burkholderiales","Rhodocyclaceae","Dechloromonas",NA
"ASV2209","Bacteria","Proteobacteria","Alphaproteobacteria","Rickettsiales",NA,NA,NA
"ASV2210","Bacteria","Proteobacteria","Gammaproteobacteria","Burkholderiales",NA,NA,NA
"ASV2211","Bacteria","Bacteroidota","Bacteroidia","Chitinophagales","Chitinophagaceae","Ferruginibacter",NA
"ASV2213","Bacteria","Cyanobacteria","Cyanobacteriia","Leptolyngbyales","Leptolyngbyaceae","Leptolyngbya SAG 2411",NA
"ASV2222","Bacteria","Planctomycetota","Planctomycetes","Planctomycetales","Rubinisphaeraceae",NA,NA
"ASV2223","Bacteria","Bacteroidota","Bacteroidia","Chitinophagales","Saprospiraceae","Haliscomenobacter","hydrossis"
"ASV2248","Bacteria","Proteobacteria","Alphaproteobacteria","Rhizobiales","Rhizobiales Incertae Sedis",NA,NA
"ASV2270","Bacteria","Cyanobacteria","Cyanobacteriia","Eurycoccales",NA,NA,NA
"ASV2308","Bacteria","Bacteroidota","Bacteroidia","Flavobacteriales","Weeksellaceae","Chryseobacterium",NA
"ASV2310","Bacteria","Verrucomicrobiota","Verrucomicrobiae","Verrucomicrobiales","Verrucomicrobiaceae",NA,NA
"ASV2312","Bacteria","Proteobacteria",NA,NA,NA,NA,NA
"ASV2314","Bacteria","Bdellovibrionota","Bdellovibrionia","Bdellovibrionales","Bdellovibrionaceae","Bdellovibrio",NA
"ASV2316","Bacteria","Proteobacteria","Gammaproteobacteria","Burkholderiales","Comamonadaceae",NA,NA
"ASV2334","Bacteria","Cyanobacteria","Cyanobacteriia","Cyanobacteriales","Nostocaceae","Scytonema UTEX 2349",NA
"ASV2337","Bacteria","Proteobacteria","Alphaproteobacteria","Rhizobiales","Pleomorphomonadaceae",NA,NA
"ASV2344","Bacteria","Proteobacteria",NA,NA,NA,NA,NA
"ASV2349","Bacteria","Campylobacterota","Campylobacteria","Campylobacterales","Sulfurimonadaceae","Sulfuricurvum",NA
"ASV2355","Bacteria","Proteobacteria","Gammaproteobacteria","Burkholderiales","Neisseriaceae",NA,NA
"ASV2359","Bacteria","Bacteroidota","Bacteroidia","Chitinophagales","Chitinophagaceae","Aurantisolimonas",NA
"ASV2361","Bacteria","Actinobacteriota","Actinobacteria","Frankiales","Sporichthyaceae",NA,NA
"ASV2377","Bacteria","Proteobacteria","Gammaproteobacteria","Pseudomonadales","Moraxellaceae","Alkanindiges",NA
"ASV2379","Bacteria","Proteobacteria","Gammaproteobacteria","Burkholderiales","Comamonadaceae","Simplicispira",NA
"ASV2385","Bacteria","Firmicutes","Bacilli","Exiguobacterales","Exiguobacteraceae","Exiguobacterium",NA
"ASV2395","Bacteria","Proteobacteria","Gammaproteobacteria","Methylococcales","Methylomonadaceae","Crenothrix",NA
"ASV2403","Bacteria","Bacteroidota","Bacteroidia","Chitinophagales","Chitinophagaceae","Sediminibacterium",NA
"ASV2410","Bacteria","Bacteroidota","Bacteroidia","Sphingobacteriales","env.OPS 17",NA,NA
"ASV2417","Bacteria","Verrucomicrobiota","Verrucomicrobiae","Opitutales","Opitutaceae",NA,NA
"ASV2418","Bacteria","Firmicutes","Clostridia","Clostridiales","Clostridiaceae","Clostridium sensu stricto 1",NA
"ASV2421","Bacteria","Proteobacteria",NA,NA,NA,NA,NA
"ASV2425","Bacteria","Verrucomicrobiota","Verrucomicrobiae","Verrucomicrobiales","Rubritaleaceae","Luteolibacter",NA
"ASV2428","Bacteria","Firmicutes","Clostridia","Clostridiales","Clostridiaceae","Clostridium sensu stricto 13",NA
"ASV2431","Bacteria","Proteobacteria",NA,NA,NA,NA,NA
"ASV2434","Bacteria","Bacteroidota","Bacteroidia","Flavobacteriales","NS9 marine group",NA,NA
"ASV2436","Bacteria","Proteobacteria",NA,NA,NA,NA,NA
"ASV2439","Bacteria","Acidobacteriota","Holophagae","Holophagales","Holophagaceae","Geothrix",NA
"ASV2444","Bacteria","Verrucomicrobiota","Verrucomicrobiae","Pedosphaerales","Pedosphaeraceae",NA,NA
"ASV2448","Bacteria","Actinobacteriota","Acidimicrobiia","Microtrichales","Ilumatobacteraceae","CL500-29 marine group",NA
"ASV2462","Bacteria","Actinobacteriota","Acidimicrobiia","Microtrichales","Microtrichaceae","IMCC26207",NA
"ASV2463","Bacteria","Bacteroidota","Bacteroidia","Flavobacteriales","Flavobacteriaceae","Flavobacterium",NA
"ASV2465","Bacteria","Proteobacteria",NA,NA,NA,NA,NA
"ASV2469","Bacteria","Firmicutes","Clostridia","Clostridiales","Clostridiaceae","Clostridium sensu stricto 1",NA
"ASV2473","Bacteria","Proteobacteria","Gammaproteobacteria","Enterobacterales","Budviciaceae","Budvicia",NA
"ASV2486","Bacteria","Proteobacteria","Gammaproteobacteria","Methylococcales","Methylomonadaceae","Crenothrix",NA
"ASV2497","Bacteria","Cyanobacteria","Cyanobacteriia","Cyanobacteriales","Cyanobacteriaceae","Geitlerinema LD9",NA
"ASV2498","Bacteria","Proteobacteria","Alphaproteobacteria","Acetobacterales","Acetobacteraceae","Roseomonas",NA
"ASV2499","Bacteria","Proteobacteria","Alphaproteobacteria","Rickettsiales",NA,NA,NA
"ASV2504","Bacteria","Firmicutes","Clostridia","Clostridiales","Clostridiaceae","Clostridium sensu stricto 1",NA
"ASV2511","Bacteria","Proteobacteria","Alphaproteobacteria","Rickettsiales","AB1",NA,NA
"ASV2514","Bacteria","Cyanobacteria","Cyanobacteriia","Synechococcales","Cyanobiaceae","Cyanobium PCC-6307",NA
"ASV2516","Bacteria","Proteobacteria","Gammaproteobacteria","Pseudomonadales","Moraxellaceae","Alkanindiges",NA
"ASV2517","Bacteria","Proteobacteria","Gammaproteobacteria","Burkholderiales","Sutterellaceae","AAP99",NA
"ASV2536","Archaea","Halobacterota","Methanocellia","Methanocellales","Methanocellaceae","Methanocella",NA
"ASV2537","Bacteria","Cyanobacteria","Cyanobacteriia","Pseudanabaenales","Pseudanabaenaceae","Pseudanabaena PCC-7429",NA
"ASV2544","Bacteria","Proteobacteria","Gammaproteobacteria","Burkholderiales","Neisseriaceae",NA,NA
"ASV2557","Bacteria","Myxococcota","Myxococcia","Myxococcales","Anaeromyxobacteraceae","Anaeromyxobacter","dehalogenans"
"ASV2561","Bacteria","Proteobacteria","Alphaproteobacteria","Micavibrionales",NA,NA,NA
"ASV2572","Bacteria","Proteobacteria","Alphaproteobacteria","Rhodospirillales","Magnetospirillaceae","[Aquaspirillum] polymorphum group",NA
"ASV2581","Bacteria","Desulfobacterota","Desulfobacteria","Desulfobacterales","Desulfosarcinaceae","Sva0081 sediment group",NA
"ASV2595","Bacteria","Bacteroidota","Bacteroidia","Chitinophagales","Chitinophagaceae","Ferruginibacter",NA
"ASV2596","Bacteria","Proteobacteria",NA,NA,NA,NA,NA
"ASV2602","Bacteria","Chloroflexi","Dehalococcoidia","GIF9",NA,NA,NA
"ASV2609","Archaea","Halobacterota","Methanosarcinia","Methanosarciniales","Methanosaetaceae","Methanosaeta",NA
"ASV2613","Bacteria","Bacteroidota","Bacteroidia","Chitinophagales","Saprospiraceae",NA,NA
"ASV2620","Bacteria","Proteobacteria",NA,NA,NA,NA,NA
"ASV2624","Bacteria","Proteobacteria","Gammaproteobacteria","Burkholderiales","Nitrosomonadaceae",NA,NA
"ASV2625","Bacteria","Proteobacteria","Alphaproteobacteria","Caulobacterales","Hyphomonadaceae","UKL13-1",NA
"ASV2629","Bacteria","Bacteroidota","Bacteroidia","Bacteroidales","Bacteroidetes vadinHA17",NA,NA
"ASV2633","Bacteria","Gemmatimonadota","Gemmatimonadetes","Gemmatimonadales","Gemmatimonadaceae",NA,NA
"ASV2639","Bacteria","Acidobacteriota","Blastocatellia","Blastocatellales","Blastocatellaceae","JGI 0001001-H03",NA
"ASV2640","Bacteria","Actinobacteriota","Acidimicrobiia","Microtrichales","Ilumatobacteraceae","CL500-29 marine group",NA
"ASV2641","Bacteria","Verrucomicrobiota","Verrucomicrobiae","Pedosphaerales","Pedosphaeraceae",NA,NA
"ASV2642","Bacteria","Proteobacteria","Gammaproteobacteria","Xanthomonadales","Rhodanobacteraceae",NA,NA
"ASV2652","Bacteria","Verrucomicrobiota","Omnitrophia","Omnitrophales","Omnitrophaceae","Candidatus Omnitrophus",NA
"ASV2655","Bacteria","Proteobacteria","Alphaproteobacteria","Rickettsiales","SM2D12",NA,NA
"ASV2679","Archaea","Thermoplasmatota","Thermoplasmata","Marine Benthic Group D and DHVEG-1",NA,NA,NA
"ASV2682","Bacteria","Proteobacteria",NA,NA,NA,NA,NA
"ASV2687","Bacteria","Proteobacteria","Alphaproteobacteria","Rhizobiales","Beijerinckiaceae","Methylobacterium-Methylorubrum",NA
"ASV2696","Bacteria","Planctomycetota","Planctomycetes","Gemmatales","Gemmataceae","Zavarzinella",NA
"ASV2697","Bacteria","Bdellovibrionota","Bdellovibrionia","Bdellovibrionales","Bdellovibrionaceae","Bdellovibrio",NA
"ASV2698","Bacteria","Proteobacteria",NA,NA,NA,NA,NA
"ASV2708","Bacteria","Bacteroidota","Bacteroidia","Sphingobacteriales",NA,NA,NA
"ASV2709","Bacteria","Bdellovibrionota","Bdellovibrionia","Bdellovibrionales","Bdellovibrionaceae","Bdellovibrio",NA
"ASV2710","Bacteria","Myxococcota","Myxococcia","Myxococcales","Anaeromyxobacteraceae","Anaeromyxobacter",NA
"ASV2733","Bacteria","Gemmatimonadota","Gemmatimonadetes","Gemmatimonadales","Gemmatimonadaceae",NA,NA
"ASV2737","Bacteria","Proteobacteria","Gammaproteobacteria","Burkholderiales","Nitrosomonadaceae","966-1",NA
"ASV2743","Bacteria","Cyanobacteria","Cyanobacteriia","Gloeobacterales","Gloeobacteraceae","Gloeobacter PCC-7421",NA
"ASV2753","Bacteria","Proteobacteria",NA,NA,NA,NA,NA
"ASV2758","Bacteria","Bacteroidota","Bacteroidia","Sphingobacteriales","env.OPS 17",NA,NA
"ASV2761","Bacteria","Verrucomicrobiota","Verrucomicrobiae","Chthoniobacterales","Chthoniobacteraceae","Chthoniobacter",NA
"ASV2763","Bacteria","Proteobacteria","Alphaproteobacteria","Rhizobiales","Beijerinckiaceae","alphaI cluster",NA
"ASV2769","Bacteria","Firmicutes","Bacilli","Entomoplasmatales","Spiroplasmataceae","Spiroplasma",NA
"ASV2789","Bacteria","Campylobacterota","Campylobacteria","Campylobacterales","Sulfurospirillaceae","Sulfurospirillum","arsenophilum"
"ASV2799","Bacteria","Verrucomicrobiota","Verrucomicrobiae","Opitutales","Opitutaceae","Lacunisphaera",NA
"ASV2801","Bacteria","Bacteroidota","Bacteroidia","Chitinophagales","37-13",NA,NA
"ASV2810","Bacteria","Proteobacteria","Alphaproteobacteria","Rickettsiales",NA,NA,NA
"ASV2811","Bacteria","Proteobacteria",NA,NA,NA,NA,NA
"ASV2820","Bacteria","Proteobacteria","Gammaproteobacteria","Burkholderiales","Chitinibacteraceae","Iodobacter","fluviatilis"
"ASV2853","Bacteria","Bacteroidota","Bacteroidia","Chitinophagales","Chitinophagaceae","Rurimicrobium",NA
"ASV2854","Bacteria","Bacteroidota","Bacteroidia","Cytophagales",NA,NA,NA
"ASV2864","Archaea","Nanoarchaeota","Nanoarchaeia","Woesearchaeales","SCGC AAA011-D5",NA,NA
"ASV2872","Bacteria","Proteobacteria",NA,NA,NA,NA,NA
"ASV2883","Bacteria","Proteobacteria","Gammaproteobacteria","Xanthomonadales","Xanthomonadaceae","Silanimonas",NA
"ASV2886","Bacteria","Proteobacteria","Alphaproteobacteria","Rickettsiales","Candidatus Hepatincola",NA,NA
"ASV2892","Bacteria","Proteobacteria","Gammaproteobacteria","Enterobacterales",NA,NA,NA
"ASV2893","Bacteria","Proteobacteria","Alphaproteobacteria","Acetobacterales","Acetobacteraceae",NA,NA
"ASV2896","Bacteria","Verrucomicrobiota","Omnitrophia","Omnitrophales","Omnitrophaceae","Candidatus Omnitrophus",NA
"ASV2898","Bacteria","Bacteroidota","Bacteroidia","Chitinophagales","Chitinophagaceae","Parasediminibacterium",NA
"ASV2907","Archaea","Halobacterota","Methanomicrobia","Methanomicrobiales","Methanoregulaceae","Methanoregula",NA
"ASV2914","Bacteria","Bacteroidota","Bacteroidia","Flavobacteriales","Flavobacteriaceae","Flavobacterium",NA
"ASV2919","Bacteria","Proteobacteria","Gammaproteobacteria","Burkholderiales","Alcaligenaceae","Verticiella",NA
"ASV2938","Bacteria","Proteobacteria","Gammaproteobacteria","Burkholderiales","Nitrosomonadaceae","Ellin6067",NA
"ASV2941","Bacteria","Proteobacteria","Alphaproteobacteria","Sphingomonadales","Sphingomonadaceae","Blastomonas",NA
"ASV2944","Bacteria","Proteobacteria","Alphaproteobacteria","Acetobacterales","Acetobacteraceae",NA,NA
"ASV2945","Bacteria","Proteobacteria",NA,NA,NA,NA,NA
"ASV2956","Bacteria","Cyanobacteria","Cyanobacteriia","Cyanobacteriales","Phormidiaceae","Tychonema CCAP 1459-11B","bourrellyi"
"ASV2966","Bacteria","Patescibacteria","Parcubacteria","Candidatus Nomurabacteria",NA,NA,NA
"ASV2975","Bacteria","Proteobacteria","Gammaproteobacteria","Burkholderiales","Comamonadaceae","Rhodoferax",NA
"ASV2977","Bacteria","Proteobacteria","Alphaproteobacteria","Rickettsiales",NA,NA,NA
"ASV2978","Bacteria","Proteobacteria",NA,NA,NA,NA,NA
"ASV2995","Bacteria","Myxococcota","Myxococcia","Myxococcales","Anaeromyxobacteraceae","Anaeromyxobacter",NA
"ASV3000","Bacteria","Bacteroidota","Bacteroidia","Chitinophagales","Saprospiraceae",NA,NA
"ASV3036","Bacteria","Proteobacteria","Gammaproteobacteria","Burkholderiales","Comamonadaceae","Rhodoferax",NA
"ASV3042","Bacteria","Proteobacteria","Gammaproteobacteria","Diplorickettsiales","Diplorickettsiaceae",NA,NA
"ASV3049","Bacteria","Gemmatimonadota","Gemmatimonadetes","Gemmatimonadales","Gemmatimonadaceae","Gemmatimonas",NA
"ASV3053","Bacteria","Bacteroidota","Bacteroidia","Chitinophagales","Chitinophagaceae","Ferruginibacter",NA
"ASV3062","Bacteria","Verrucomicrobiota","Verrucomicrobiae","Methylacidiphilales","Methylacidiphilaceae",NA,NA
"ASV3066","Bacteria","Proteobacteria","Gammaproteobacteria","Burkholderiales","Chitinibacteraceae","Iodobacter",NA
"ASV3068","Bacteria","Proteobacteria","Gammaproteobacteria","Burkholderiales","Comamonadaceae",NA,NA
"ASV3073","Bacteria","Planctomycetota","Planctomycetes","Gemmatales","Gemmataceae","Zavarzinella",NA
"ASV3076","Bacteria","Verrucomicrobiota","Chlamydiae","Chlamydiales",NA,NA,NA
"ASV3079","Bacteria","Proteobacteria","Gammaproteobacteria","CCM19a",NA,NA,NA
"ASV3095","Bacteria","Bacteroidota","Bacteroidia","Cytophagales","Spirosomaceae","Pseudarcicella",NA
"ASV3103","Bacteria","Bacteroidota","Bacteroidia","Chitinophagales","Saprospiraceae",NA,NA
"ASV3124","Bacteria","Deinococcota","Deinococci","Deinococcales","Deinococcaceae","Deinococcus",NA
"ASV3146","Bacteria","Bacteroidota","Bacteroidia","Chitinophagales","Chitinophagaceae","Ferruginibacter",NA
"ASV3148","Bacteria","Myxococcota","Polyangia","Haliangiales","Haliangiaceae","Haliangium",NA
"ASV3171","Bacteria","Proteobacteria","Gammaproteobacteria","Burkholderiales","Oxalobacteraceae","Undibacterium",NA
"ASV3175","Bacteria","Planctomycetota","Planctomycetes","Isosphaerales","Isosphaeraceae","Aquisphaera",NA
"ASV3198","Archaea","Euryarchaeota","Methanobacteria","Methanobacteriales","Methanobacteriaceae","Methanobacterium",NA
"ASV3200","Bacteria","Proteobacteria","Gammaproteobacteria","Burkholderiales","Comamonadaceae",NA,NA
"ASV3202","Bacteria","Proteobacteria","Gammaproteobacteria","Burkholderiales","Comamonadaceae",NA,NA
"ASV3205","Bacteria","Proteobacteria",NA,NA,NA,NA,NA
"ASV3216","Bacteria","Myxococcota","Myxococcia","Myxococcales","Myxococcaceae","P3OB-42",NA
"ASV3217","Bacteria","Bacteroidota","Bacteroidia","Chitinophagales",NA,NA,NA
"ASV3224","Bacteria","Bacteroidota","Bacteroidia","Chitinophagales","Chitinophagaceae",NA,NA
"ASV3226","Bacteria","Bacteroidota","Bacteroidia","Chitinophagales","Saprospiraceae",NA,NA
"ASV3227","Bacteria","Cyanobacteria","Cyanobacteriia","Leptolyngbyales","Leptolyngbyaceae",NA,NA
"ASV3234","Bacteria","Planctomycetota","Planctomycetes","Planctomycetales",NA,NA,NA
"ASV3259","Bacteria","Proteobacteria",NA,NA,NA,NA,NA
"ASV3266","Bacteria","Verrucomicrobiota","Verrucomicrobiae","Pedosphaerales","Pedosphaeraceae","SH3-11",NA
"ASV3274","Bacteria","Bacteroidota","Bacteroidia","Chitinophagales","Chitinophagaceae","Rurimicrobium",NA
"ASV3276","Bacteria","Proteobacteria",NA,NA,NA,NA,NA
"ASV3283","Bacteria","Proteobacteria","Alphaproteobacteria","Rickettsiales",NA,NA,NA
"ASV3286","Bacteria","Bacteroidota","Bacteroidia","Flavobacteriales","Flavobacteriaceae","Flavobacterium",NA
"ASV3289","Bacteria","Desulfobacterota","Desulfomonilia","Desulfomonilales","Desulfomonilaceae","Desulfomonile",NA
"ASV3294","Bacteria","Bacteroidota","Bacteroidia","Sphingobacteriales","NS11-12 marine group",NA,NA
"ASV3295","Bacteria","Firmicutes","Clostridia","Lachnospirales","Lachnospiraceae","Tyzzerella",NA
"ASV3300","Bacteria","Bacteroidota","Bacteroidia","Chitinophagales","Chitinophagaceae","Ferruginibacter",NA
"ASV3307","Bacteria","Proteobacteria",NA,NA,NA,NA,NA
"ASV3309","Bacteria","Armatimonadota","Chthonomonadetes","Chthonomonadales","Chthonomonadaceae","Chthonomonas",NA
"ASV3312","Bacteria","Planctomycetota","Planctomycetes","Planctomycetales","Rubinisphaeraceae",NA,NA
"ASV3326","Bacteria","Proteobacteria","Alphaproteobacteria","Sphingomonadales","Sphingomonadaceae","Novosphingobium",NA
"ASV3328","Bacteria","Dependentiae","Babeliae","Babeliales",NA,NA,NA
"ASV3341","Bacteria","Proteobacteria",NA,NA,NA,NA,NA
"ASV3343","Bacteria","Proteobacteria","Alphaproteobacteria","Sphingomonadales","Sphingomonadaceae","Sphingomonas",NA
"ASV3358","Bacteria","Proteobacteria","Gammaproteobacteria","Burkholderiales","Oxalobacteraceae","Undibacterium",NA
"ASV3366","Bacteria","Bacteroidota","Bacteroidia","Sphingobacteriales","env.OPS 17",NA,NA
"ASV3367","Bacteria","Proteobacteria","Alphaproteobacteria","Sphingomonadales","Sphingomonadaceae","Polymorphobacter",NA
"ASV3370","Bacteria","Proteobacteria","Gammaproteobacteria","Burkholderiales","Neisseriaceae",NA,NA
"ASV3376","Bacteria","Proteobacteria","Alphaproteobacteria","Sphingomonadales","Sphingomonadaceae","Novosphingobium",NA
"ASV3380","Bacteria","Proteobacteria",NA,NA,NA,NA,NA
"ASV3381","Bacteria","Proteobacteria","Gammaproteobacteria","Burkholderiales","T34",NA,NA
"ASV3390","Bacteria","Bacteroidota","Bacteroidia","Chitinophagales","Saprospiraceae",NA,NA
"ASV3410","Bacteria","Firmicutes","Clostridia","Lachnospirales","Lachnospiraceae","Oribacterium",NA
"ASV3448","Bacteria","Proteobacteria",NA,NA,NA,NA,NA
"ASV3449","Bacteria","Patescibacteria","Saccharimonadia","Saccharimonadales",NA,NA,NA
"ASV3450","Bacteria","Proteobacteria","Alphaproteobacteria","Caulobacterales","Caulobacteraceae","Caulobacter","henricii"
"ASV3451","Bacteria","Planctomycetota","Planctomycetes","Planctomycetales","Rubinisphaeraceae",NA,NA
"ASV3489","Bacteria","Bacteroidota","Bacteroidia","Cytophagales","Microscillaceae",NA,NA
"ASV3492","Bacteria","Bacteroidota","Bacteroidia","Bacteroidales","Bacteroidetes vadinHA17",NA,NA
"ASV3500","Bacteria","Proteobacteria","Alphaproteobacteria","Rhodobacterales","Rhodobacteraceae","Gemmobacter",NA
"ASV3504","Bacteria","Myxococcota","Polyangia","Polyangiales","Polyangiaceae","Pajaroellobacter",NA
"ASV3508","Bacteria","Acidobacteriota","Holophagae","Holophagales","Holophagaceae",NA,NA
"ASV3517","Bacteria","Proteobacteria",NA,NA,NA,NA,NA
"ASV3519","Archaea","Halobacterota","Methanosarcinia","Methanosarciniales","Methanosaetaceae","Methanosaeta",NA
"ASV3520","Archaea","Euryarchaeota","Methanobacteria","Methanobacteriales","Methanobacteriaceae","Methanobacterium",NA
"ASV3522","Bacteria","Bacteroidota","Bacteroidia","Cytophagales","Microscillaceae",NA,NA
"ASV3540","Bacteria","Proteobacteria","Gammaproteobacteria","Pseudomonadales","Pseudohongiellaceae","BIyi10",NA
"ASV3545","Bacteria","Bacteroidota","Bacteroidia","Sphingobacteriales","Sphingobacteriaceae","Arcticibacter",NA
"ASV3554","Bacteria","Bacteroidota","Bacteroidia","Chitinophagales",NA,NA,NA
"ASV3556","Bacteria","Verrucomicrobiota","Verrucomicrobiae","Verrucomicrobiales","Verrucomicrobiaceae",NA,NA
"ASV3561","Bacteria","Proteobacteria","Alphaproteobacteria","SAR11 clade","Clade III",NA,NA
"ASV3571","Bacteria","Proteobacteria",NA,NA,NA,NA,NA
"ASV3575","Bacteria","Proteobacteria",NA,NA,NA,NA,NA
"ASV3579","Bacteria","Deinococcota","Deinococci","Deinococcales","Deinococcaceae","Deinococcus",NA
"ASV3590","Bacteria","Desulfobacterota","Syntrophia","Syntrophales",NA,NA,NA
"ASV3592","Bacteria","Bacteroidota","Bacteroidia","Chitinophagales","Saprospiraceae",NA,NA
"ASV3594","Bacteria","Proteobacteria",NA,NA,NA,NA,NA
"ASV3602","Bacteria","Firmicutes","Bacilli","Bacillales","Bacillaceae",NA,NA
"ASV3607","Bacteria","Proteobacteria","Alphaproteobacteria","Rhizobiales","Beijerinckiaceae","Bosea",NA
"ASV3610","Bacteria","Bacteroidota","Bacteroidia","Cytophagales","Spirosomaceae","Emticicia",NA
"ASV3612","Bacteria","Proteobacteria","Alphaproteobacteria","Rickettsiales",NA,NA,NA
"ASV3623","Bacteria","Actinobacteriota","Actinobacteria","Micrococcales","Micrococcaceae","Pseudarthrobacter",NA
"ASV3624","Bacteria","Bacteroidota","Bacteroidia","Chitinophagales","Saprospiraceae",NA,NA
"ASV3627","Bacteria","Proteobacteria",NA,NA,NA,NA,NA
"ASV3628","Bacteria","Verrucomicrobiota","Verrucomicrobiae","Opitutales","Opitutaceae","Lacunisphaera",NA
"ASV3639","Bacteria","Firmicutes","Clostridia","Clostridiales","Clostridiaceae","Clostridium sensu stricto 1",NA
"ASV3640","Bacteria","Proteobacteria","Gammaproteobacteria","Burkholderiales","Comamonadaceae",NA,NA
"ASV3648","Bacteria","Patescibacteria","Saccharimonadia","Saccharimonadales","LWQ8",NA,NA
"ASV3660","Bacteria","Proteobacteria","Alphaproteobacteria","Rhizobiales","Rhizobiales Incertae Sedis","Phreatobacter",NA
"ASV3684","Bacteria","Latescibacterota",NA,NA,NA,NA,NA
"ASV3696","Bacteria","Bacteroidota","Bacteroidia","Chitinophagales","Chitinophagaceae","Dinghuibacter",NA
"ASV3708","Bacteria","Bdellovibrionota","Bdellovibrionia","Bdellovibrionales","Bdellovibrionaceae","Bdellovibrio",NA
"ASV3711","Bacteria","Proteobacteria","Alphaproteobacteria","Rickettsiales","Candidatus Hepatincola",NA,NA
"ASV3713","Bacteria","Bacteroidota","Bacteroidia","Flavobacteriales","Flavobacteriaceae","Flavobacterium",NA
"ASV3722","Bacteria","Proteobacteria",NA,NA,NA,NA,NA
"ASV3726","Bacteria","Proteobacteria","Alphaproteobacteria","Holosporales","Holosporaceae",NA,NA
"ASV3737","Bacteria","Proteobacteria",NA,NA,NA,NA,NA
"ASV3746","Bacteria","Proteobacteria",NA,NA,NA,NA,NA
"ASV3763","Bacteria","Myxococcota","Myxococcia","Myxococcales","Myxococcaceae",NA,NA
"ASV3813","Bacteria","Bdellovibrionota","Bdellovibrionia","Bdellovibrionales","Bdellovibrionaceae","OM27 clade",NA
"ASV3817","Bacteria","Spirochaetota","Brevinematia","Brevinematales","Brevinemataceae","Brevinema",NA
"ASV3827","Archaea","Crenarchaeota","Nitrososphaeria","Nitrososphaerales","Nitrososphaeraceae","Candidatus Nitrocosmicus",NA
"ASV3837","Bacteria","Bacteroidota","Kryptonia","Kryptoniales","BSV26",NA,NA
"ASV3838","Bacteria","Desulfobacterota","Syntrophia","Syntrophales",NA,NA,NA
"ASV3840","Bacteria","Bacteroidota","Bacteroidia","Flavobacteriales","Crocinitomicaceae","Fluviicola",NA
"ASV3848","Bacteria","Actinobacteriota","Actinobacteria","Corynebacteriales","Nocardiaceae","Rhodococcus",NA
"ASV3863","Bacteria","Proteobacteria",NA,NA,NA,NA,NA
"ASV3876","Bacteria","Proteobacteria",NA,NA,NA,NA,NA
"ASV3947","Bacteria","Proteobacteria",NA,NA,NA,NA,NA
"ASV3948","Bacteria","Proteobacteria",NA,NA,NA,NA,NA
"ASV3963","Bacteria","Proteobacteria","Alphaproteobacteria","Rickettsiales",NA,NA,NA
"ASV3974","Bacteria","Proteobacteria",NA,NA,NA,NA,NA
"ASV3986","Bacteria","Proteobacteria","Alphaproteobacteria","Rickettsiales",NA,NA,NA
"ASV3989","Bacteria","Firmicutes","Clostridia","Lachnospirales","Lachnospiraceae","Epulopiscium",NA
"ASV4001","Bacteria","Proteobacteria","Alphaproteobacteria","Paracaedibacterales","Paracaedibacteraceae",NA,NA
"ASV4002","Bacteria","Verrucomicrobiota","Verrucomicrobiae","Verrucomicrobiales","Verrucomicrobiaceae",NA,NA
"ASV4012","Bacteria","Bacteroidota","Bacteroidia","Sphingobacteriales","Sphingobacteriaceae","Nubsella",NA
"ASV4017","Bacteria","Acidobacteriota","Acidobacteriae","Paludibaculum",NA,NA,NA
"ASV4021","Bacteria","Firmicutes","Clostridia","Peptostreptococcales-Tissierellales","Peptostreptococcaceae","Romboutsia",NA
"ASV4024","Bacteria","Verrucomicrobiota","Verrucomicrobiae","Pedosphaerales","Pedosphaeraceae","RS25G",NA
"ASV4029","Bacteria","Proteobacteria",NA,NA,NA,NA,NA
"ASV4050","Bacteria","Verrucomicrobiota","Verrucomicrobiae","Chthoniobacterales","Chthoniobacteraceae","Chthoniobacter",NA
"ASV4068","Bacteria","Proteobacteria","Alphaproteobacteria","Acetobacterales","Acetobacteraceae",NA,NA
"ASV4107","Bacteria","Proteobacteria","Alphaproteobacteria","Rickettsiales",NA,NA,NA
"ASV4134","Bacteria","Verrucomicrobiota","Verrucomicrobiae","Chthoniobacterales","Terrimicrobiaceae","FukuN18 freshwater group",NA
"ASV4141","Bacteria","Proteobacteria",NA,NA,NA,NA,NA
"ASV4144","Bacteria","Proteobacteria","Alphaproteobacteria","Rickettsiales",NA,NA,NA
"ASV4161","Bacteria","Proteobacteria","Alphaproteobacteria","Rickettsiales",NA,NA,NA
"ASV4167","Bacteria","Bacteroidota","Bacteroidia","Chitinophagales","Chitinophagaceae","Sediminibacterium",NA
"ASV4168","Bacteria","Proteobacteria","Alphaproteobacteria","Rickettsiales","Rickettsiaceae",NA,NA
"ASV4178","Bacteria","Proteobacteria","Gammaproteobacteria","Legionellales","Legionellaceae","Legionella",NA
"ASV4194","Bacteria","Proteobacteria","Gammaproteobacteria","Legionellales","Legionellaceae","Legionella",NA
"ASV4198","Bacteria","Bdellovibrionota","Bdellovibrionia","Bdellovibrionales","Bdellovibrionaceae","Bdellovibrio",NA
"ASV4204","Bacteria","Verrucomicrobiota","Verrucomicrobiae","Verrucomicrobiales","DEV007",NA,NA
"ASV4205","Bacteria","Bacteroidota","Bacteroidia","Flavobacteriales","NS9 marine group",NA,NA
"ASV4240","Bacteria","Proteobacteria",NA,NA,NA,NA,NA
"ASV4267","Bacteria","Bacteroidota","Bacteroidia","Chitinophagales","Saprospiraceae",NA,NA
"ASV4291","Bacteria","Proteobacteria","Alphaproteobacteria","Rickettsiales",NA,NA,NA
"ASV4299","Bacteria","Proteobacteria",NA,NA,NA,NA,NA
"ASV4306","Bacteria","Verrucomicrobiota","Verrucomicrobiae","Pedosphaerales","Pedosphaeraceae","SH3-11",NA
"ASV4314","Bacteria","Firmicutes","Clostridia","Lachnospirales","Lachnospiraceae","Epulopiscium",NA
"ASV4320","Bacteria","Proteobacteria",NA,NA,NA,NA,NA
"ASV4341","Bacteria","Proteobacteria","Alphaproteobacteria","Rickettsiales",NA,NA,NA
"ASV4357","Bacteria","Proteobacteria","Alphaproteobacteria","Rhizobiales","Beijerinckiaceae","Methylobacterium-Methylorubrum",NA
"ASV4364","Bacteria","Proteobacteria",NA,NA,NA,NA,NA
"ASV4370","Bacteria","Bacteroidota","Bacteroidia","Cytophagales","Microscillaceae","Thermoflexibacter",NA
"ASV4375","Bacteria","Proteobacteria",NA,NA,NA,NA,NA
"ASV4378","Bacteria","Proteobacteria",NA,NA,NA,NA,NA
"ASV4413","Bacteria","Verrucomicrobiota","Verrucomicrobiae","Verrucomicrobiales","Verrucomicrobiaceae",NA,NA
"ASV4415","Bacteria","Verrucomicrobiota","Verrucomicrobiae","Chthoniobacterales","Xiphinematobacteraceae","Candidatus Xiphinematobacter",NA
"ASV4426","Bacteria","Proteobacteria",NA,NA,NA,NA,NA
"ASV4427","Bacteria","Proteobacteria",NA,NA,NA,NA,NA
"ASV4459","Bacteria","Zixibacteria",NA,NA,NA,NA,NA
"ASV4460","Bacteria","Methylomirabilota","Methylomirabilia","Methylomirabilales","Methylomirabilaceae","Sh765B-TzT-35",NA
"ASV4474","Bacteria","Proteobacteria",NA,NA,NA,NA,NA
"ASV4500","Bacteria","Firmicutes","Clostridia","Peptostreptococcales-Tissierellales","Peptostreptococcaceae","Romboutsia","sedimentorum"
"ASV4533","Bacteria","Proteobacteria",NA,NA,NA,NA,NA
"ASV4542","Bacteria","Bacteroidota","Bacteroidia","Cytophagales","Microscillaceae",NA,NA
"ASV4585","Bacteria","Myxococcota","Myxococcia","Myxococcales","Anaeromyxobacteraceae","Anaeromyxobacter",NA
"ASV4599","Bacteria","Bacteroidota","Bacteroidia","Bacteroidales","Prolixibacteraceae","WCHB1-32",NA
"ASV4614","Bacteria","Proteobacteria",NA,NA,NA,NA,NA
"ASV4615","Archaea","Nanoarchaeota","Nanoarchaeia","Woesearchaeales",NA,NA,NA
"ASV4621","Bacteria","Verrucomicrobiota","Verrucomicrobiae","Chthoniobacterales","Chthoniobacteraceae","Chthoniobacter",NA
"ASV4653","Bacteria","Cyanobacteria","Cyanobacteriia","Pseudanabaenales","Pseudanabaenaceae","Pseudanabaena PCC-7429",NA
"ASV4672","Bacteria","Proteobacteria",NA,NA,NA,NA,NA
"ASV4674","Bacteria","Spirochaetota","Spirochaetia","Spirochaetales","Spirochaetaceae","Spirochaeta",NA
"ASV4685","Bacteria","Proteobacteria",NA,NA,NA,NA,NA
"ASV4691","Bacteria","Actinobacteriota","Actinobacteria","Propionibacteriales","Nocardioidaceae","Nocardioides",NA
"ASV4692","Bacteria","Bacteroidota","Bacteroidia","Sphingobacteriales","Lentimicrobiaceae",NA,NA
"ASV4698","Bacteria","Proteobacteria","Gammaproteobacteria","Burkholderiales","Chitinibacteraceae","Chitinibacter",NA
"ASV4712","Bacteria","Proteobacteria",NA,NA,NA,NA,NA
"ASV4741","Bacteria","Verrucomicrobiota","Verrucomicrobiae","Chthoniobacterales","Xiphinematobacteraceae","Candidatus Xiphinematobacter",NA
"ASV4744","Bacteria","Proteobacteria",NA,NA,NA,NA,NA
"ASV4793","Bacteria","Bacteroidota","Bacteroidia","Chitinophagales","Saprospiraceae",NA,NA
"ASV4824","Bacteria","Bdellovibrionota","Bdellovibrionia","Bdellovibrionales","Bdellovibrionaceae","Bdellovibrio",NA
"ASV4903","Bacteria","Proteobacteria","Alphaproteobacteria","Sphingomonadales","Sphingomonadaceae","Sandarakinorhabdus",NA
"ASV4914","Bacteria","Proteobacteria","Alphaproteobacteria","Micavibrionales","Micavibrionaceae",NA,NA
"ASV4917","Bacteria","Proteobacteria","Alphaproteobacteria","Rickettsiales","Rickettsiaceae","Candidatus Megaira",NA
"ASV4921","Bacteria","Planctomycetota","Planctomycetes","Isosphaerales","Isosphaeraceae","Aquisphaera",NA
"ASV4932","Bacteria","Verrucomicrobiota","Verrucomicrobiae","Pedosphaerales","Pedosphaeraceae","ADurb.Bin118",NA
"ASV4933","Bacteria","Bacteroidota","Kryptonia","Kryptoniales","BSV26",NA,NA
"ASV4938","Bacteria","Proteobacteria",NA,NA,NA,NA,NA
"ASV4939","Bacteria","Proteobacteria",NA,NA,NA,NA,NA
"ASV4955","Bacteria","Cyanobacteria","Cyanobacteriia","Leptolyngbyales","Leptolyngbyaceae","LB3-76",NA
"ASV4956","Bacteria","Proteobacteria","Gammaproteobacteria","Coxiellales","Coxiellaceae","Coxiella",NA
"ASV4978","Bacteria","Firmicutes","Clostridia","Lachnospirales","Lachnospiraceae","Epulopiscium",NA
"ASV4997","Bacteria","Firmicutes","Clostridia","Lachnospirales","Lachnospiraceae","Epulopiscium",NA
"ASV4999","Bacteria","Proteobacteria","Alphaproteobacteria","Sphingomonadales","Sphingomonadaceae","Sphingorhabdus",NA
"ASV5004","Bacteria","Proteobacteria","Gammaproteobacteria","Enterobacterales","Aeromonadaceae","Aeromonas",NA
"ASV5013","Bacteria","Proteobacteria",NA,NA,NA,NA,NA
"ASV5019","Bacteria","Proteobacteria","Alphaproteobacteria","Rickettsiales",NA,NA,NA
"ASV5037","Bacteria","Firmicutes","Clostridia","Clostridiales","Clostridiaceae",NA,NA
"ASV5064","Bacteria","Proteobacteria",NA,NA,NA,NA,NA
"ASV5068","Bacteria","Proteobacteria","Gammaproteobacteria","Burkholderiales","Comamonadaceae","Rhodoferax",NA
"ASV5133","Bacteria","Bacteroidota","Bacteroidia","Sphingobacteriales","NS11-12 marine group",NA,NA
"ASV5156","Bacteria","Proteobacteria",NA,NA,NA,NA,NA
"ASV5157","Bacteria","Proteobacteria","Alphaproteobacteria","Rickettsiales","Rickettsiaceae",NA,NA
"ASV5175","Bacteria","Verrucomicrobiota","Verrucomicrobiae","Pedosphaerales","Pedosphaeraceae","SH3-11",NA
"ASV5179","Bacteria","Proteobacteria","Alphaproteobacteria","SAR11 clade","Clade III",NA,NA
"ASV5261","Bacteria","Proteobacteria","Gammaproteobacteria","Burkholderiales","Hydrogenophilaceae",NA,NA
"ASV5266","Bacteria","Proteobacteria",NA,NA,NA,NA,NA
"ASV5280","Bacteria","Proteobacteria","Alphaproteobacteria","Holosporales","Holosporaceae",NA,NA
"ASV5301","Bacteria","Patescibacteria","Gracilibacteria","Candidatus Peribacteria",NA,NA,NA
"ASV5302","Bacteria","Proteobacteria","Gammaproteobacteria","Enterobacterales",NA,NA,NA
"ASV5345","Bacteria","Proteobacteria",NA,NA,NA,NA,NA
"ASV5356","Bacteria","Proteobacteria","Gammaproteobacteria","Enterobacterales",NA,NA,NA
"ASV5376","Bacteria","Verrucomicrobiota","Verrucomicrobiae","Pedosphaerales","Pedosphaeraceae","RS25G",NA
"ASV5378","Bacteria","Proteobacteria","Gammaproteobacteria","Methylococcales","Methylomonadaceae",NA,NA
"ASV5388","Bacteria","Firmicutes","Clostridia","Clostridiales","Clostridiaceae","Clostridium sensu stricto 5","cavendishii"
"ASV5390","Bacteria","Proteobacteria","Gammaproteobacteria","Burkholderiales","Alcaligenaceae","Ampullimonas",NA
"ASV5391","Bacteria","Proteobacteria","Alphaproteobacteria","Caulobacterales","Caulobacteraceae",NA,NA
"ASV5396","Bacteria","Bacteroidota","Bacteroidia","Sphingobacteriales","env.OPS 17",NA,NA
"ASV5450","Bacteria","Proteobacteria","Alphaproteobacteria","Caulobacterales","Caulobacteraceae","Asticcacaulis",NA
"ASV5469","Bacteria","Dependentiae","Babeliae","Babeliales","Vermiphilaceae",NA,NA
"ASV5479","Bacteria","Verrucomicrobiota","Verrucomicrobiae","Chthoniobacterales","Chthoniobacteraceae","Chthoniobacter",NA
"ASV5519","Bacteria","Bdellovibrionota","Bdellovibrionia","Bdellovibrionales","Bdellovibrionaceae","OM27 clade",NA
"ASV5535","Bacteria","Bdellovibrionota","Bdellovibrionia","Bdellovibrionales","Bdellovibrionaceae","Bdellovibrio",NA
"ASV5567","Bacteria","Patescibacteria","Parcubacteria","Candidatus Nomurabacteria",NA,NA,NA
"ASV5570","Bacteria","Verrucomicrobiota","Verrucomicrobiae","Verrucomicrobiales","Rubritaleaceae",NA,NA
"ASV5586","Bacteria","Verrucomicrobiota","Verrucomicrobiae","Verrucomicrobiales","Verrucomicrobiaceae","Prosthecobacter",NA
"ASV5595","Bacteria","Planctomycetota","Planctomycetes","Pirellulales","Pirellulaceae","Candidatus Anammoximicrobium",NA
"ASV5596","Bacteria","Planctomycetota","Planctomycetes","Isosphaerales","Isosphaeraceae",NA,NA
"ASV5607","Bacteria","WOR-1",NA,NA,NA,NA,NA
"ASV5629","Bacteria","Myxococcota","Polyangia","mle1-27",NA,NA,NA
"ASV5636","Bacteria","Bacteroidota","Bacteroidia","Flavobacteriales","Flavobacteriaceae","Flavobacterium",NA
"ASV5652","Bacteria","Proteobacteria",NA,NA,NA,NA,NA
"ASV5659","Bacteria","Proteobacteria","Gammaproteobacteria","Burkholderiales","Comamonadaceae","Rhodoferax",NA
"ASV5670","Bacteria","Proteobacteria",NA,NA,NA,NA,NA
"ASV5676","Bacteria","Bacteroidota","Bacteroidia","Flavobacteriales","Flavobacteriaceae","Flavobacterium",NA
"ASV5679","Bacteria","Proteobacteria","Gammaproteobacteria","Burkholderiales","Chromobacteriaceae","Crenobacter",NA
"ASV5694","Bacteria","Firmicutes","Bacilli","Staphylococcales","Gemellaceae","Gemella",NA
"ASV5718","Bacteria","Armatimonadota","Fimbriimonadia","Fimbriimonadales","Fimbriimonadaceae",NA,NA
"ASV5738","Bacteria","Proteobacteria",NA,NA,NA,NA,NA
"ASV5746","Bacteria","Proteobacteria","Gammaproteobacteria","Burkholderiales","Chitinibacteraceae","Deefgea",NA
"ASV5764","Bacteria","Proteobacteria","Alphaproteobacteria","Rickettsiales","Candidatus Hepatincola",NA,NA
"ASV5771","Bacteria","Bacteroidota","Bacteroidia","Chitinophagales","Chitinophagaceae",NA,NA
"ASV5784","Bacteria","Proteobacteria","Gammaproteobacteria","Burkholderiales","Comamonadaceae","Rhodoferax",NA
"ASV5785","Bacteria","Proteobacteria","Alphaproteobacteria","Rickettsiales",NA,NA,NA
"ASV5789","Bacteria","Bacteroidota","Bacteroidia","Cytophagales","Spirosomaceae","Emticicia",NA
"ASV5794","Bacteria","Bacteroidota","Bacteroidia","Sphingobacteriales","AKYH767",NA,NA
"ASV5795","Bacteria","Bacteroidota","Bacteroidia","Sphingobacteriales","env.OPS 17",NA,NA
"ASV5804","Bacteria","Spirochaetota","Spirochaetia","Spirochaetales","Spirochaetaceae","Treponema",NA
"ASV5806","Bacteria","Proteobacteria",NA,NA,NA,NA,NA
"ASV5807","Bacteria","Proteobacteria",NA,NA,NA,NA,NA
"ASV5823","Bacteria","Bacteroidota","Bacteroidia","Sphingobacteriales","env.OPS 17",NA,NA
"ASV5830","Bacteria","Dependentiae","Babeliae","Babeliales",NA,NA,NA
"ASV5851","Bacteria","Bacteroidota","Bacteroidia","Sphingobacteriales","Lentimicrobiaceae",NA,NA
"ASV5866","Bacteria","Verrucomicrobiota","Kiritimatiellae","WCHB1-41",NA,NA,NA
"ASV5884","Bacteria","Proteobacteria",NA,NA,NA,NA,NA
"ASV5902","Bacteria","Proteobacteria","Alphaproteobacteria","Sphingomonadales","Sphingomonadaceae","Rhizorhapis",NA
"ASV5945","Bacteria","Proteobacteria","Alphaproteobacteria","Rickettsiales","Rickettsiaceae","Candidatus Megaira",NA
"ASV5978","Bacteria","Cyanobacteria","Cyanobacteriia","Synechococcales","Cyanobiaceae","Cyanobium PCC-6307",NA
"ASV6010","Bacteria","Proteobacteria","Alphaproteobacteria","Rickettsiales","Candidatus Hepatincola",NA,NA
"ASV6034","Archaea","Thermoplasmatota","Thermoplasmata","Methanomassiliicoccales","Methanomassiliicoccaceae",NA,NA
"ASV6035","Bacteria","Bacteroidota","Ignavibacteria","SJA-28",NA,NA,NA
"ASV6076","Bacteria","Bacteroidota","Bacteroidia","Sphingobacteriales","Lentimicrobiaceae",NA,NA
"ASV6108","Bacteria","Proteobacteria",NA,NA,NA,NA,NA
"ASV6116","Bacteria","Proteobacteria","Alphaproteobacteria","Rhizobiales","Beijerinckiaceae","alphaI cluster",NA
"ASV6198","Bacteria","Firmicutes","Clostridia","Oscillospirales","UCG-011",NA,NA
"ASV6199","Bacteria","Bacteroidota","Bacteroidia","Chitinophagales","Chitinophagaceae","Ferruginibacter",NA
"ASV6214","Bacteria","Proteobacteria",NA,NA,NA,NA,NA
"ASV6264","Bacteria","Fibrobacterota","Fibrobacteria","Fibrobacterales","Fibrobacteraceae",NA,NA
"ASV6269","Bacteria","Bacteroidota","Bacteroidia","Flavobacteriales","Flavobacteriaceae","Flavobacterium",NA
"ASV6280","Bacteria","Proteobacteria",NA,NA,NA,NA,NA
"ASV6285","Bacteria","Proteobacteria","Gammaproteobacteria","Burkholderiales","Neisseriaceae",NA,NA
"ASV6310","Bacteria","Proteobacteria",NA,NA,NA,NA,NA
"ASV6315","Bacteria","Proteobacteria",NA,NA,NA,NA,NA
"ASV6328","Bacteria","Planctomycetota","Phycisphaerae","Phycisphaerales","Phycisphaeraceae",NA,NA
"ASV6350","Bacteria","Latescibacterota",NA,NA,NA,NA,NA
"ASV6353","Bacteria","Bacteroidota","Bacteroidia","Cytophagales","Hymenobacteraceae","Hymenobacter",NA
"ASV6362","Bacteria","Bacteroidota","Bacteroidia","Chitinophagales",NA,NA,NA
"ASV6386","Bacteria","Proteobacteria","Gammaproteobacteria","Legionellales","Legionellaceae","Legionella",NA
"ASV6413","Bacteria","Proteobacteria","Alphaproteobacteria","Rhizobiales","C2U",NA,NA
"ASV6438","Bacteria","Verrucomicrobiota","Omnitrophia","Omnitrophales","Omnitrophaceae","Candidatus Omnitrophus",NA
"ASV6455","Bacteria","Bdellovibrionota","Oligoflexia","0319-6G20",NA,NA,NA
"ASV6458","Bacteria","Proteobacteria","Gammaproteobacteria","Burkholderiales","Methylophilaceae","Methylotenera",NA
"ASV6497","Bacteria","Bacteroidota","Bacteroidia","Chitinophagales","Chitinophagaceae","Ferruginibacter",NA
"ASV6502","Bacteria","Cyanobacteria","Vampirivibrionia","Obscuribacterales","Obscuribacteraceae",NA,NA
"ASV6533","Bacteria","Proteobacteria",NA,NA,NA,NA,NA
"ASV6541","Bacteria","Proteobacteria",NA,NA,NA,NA,NA
"ASV6571","Bacteria","Proteobacteria",NA,NA,NA,NA,NA
"ASV6587","Bacteria","Proteobacteria",NA,NA,NA,NA,NA
"ASV6602","Bacteria","Proteobacteria",NA,NA,NA,NA,NA
"ASV6618","Bacteria","TA06",NA,NA,NA,NA,NA
"ASV6619","Bacteria","Bacteroidota","Kryptonia","Kryptoniales","BSV26",NA,NA
"ASV6620","Bacteria","Proteobacteria","Gammaproteobacteria","Burkholderiales","SC-I-84",NA,NA
"ASV6625","Bacteria","Actinobacteriota","Actinobacteria","Propionibacteriales","Propionibacteriaceae","Friedmanniella",NA
"ASV6648","Bacteria","Proteobacteria",NA,NA,NA,NA,NA
"ASV6673","Bacteria","Planctomycetota","Planctomycetes","Pirellulales","Pirellulaceae",NA,NA
"ASV6694","Bacteria","Proteobacteria",NA,NA,NA,NA,NA
"ASV6707","Bacteria","Proteobacteria","Gammaproteobacteria","Pseudomonadales","Moraxellaceae","Cavicella",NA
"ASV6711","Bacteria","Bacteroidota","Bacteroidia","Flavobacteriales","Flavobacteriaceae","Flavobacterium",NA
"ASV6714","Bacteria","Proteobacteria",NA,NA,NA,NA,NA
"ASV6724","Bacteria","Proteobacteria",NA,NA,NA,NA,NA
"ASV6731","Bacteria","Proteobacteria",NA,NA,NA,NA,NA
"ASV6732","Bacteria","Proteobacteria",NA,NA,NA,NA,NA
"ASV6737","Bacteria","Proteobacteria","Gammaproteobacteria","Burkholderiales","Sutterellaceae","AAP99",NA
"ASV6761","Bacteria","Firmicutes","Clostridia","Lachnospirales","Lachnospiraceae","Epulopiscium",NA
"ASV6771","Bacteria","Proteobacteria",NA,NA,NA,NA,NA
"ASV6806","Bacteria","Proteobacteria",NA,NA,NA,NA,NA
"ASV6868","Bacteria","Patescibacteria","Saccharimonadia","Saccharimonadales",NA,NA,NA
"ASV6875","Bacteria","Firmicutes","Incertae Sedis","DTU014",NA,NA,NA
"ASV6893","Bacteria","Proteobacteria",NA,NA,NA,NA,NA
"ASV6898","Bacteria","Myxococcota","Polyangia","Blfdi19",NA,NA,NA
"ASV6904","Bacteria","Proteobacteria",NA,NA,NA,NA,NA
"ASV6910","Bacteria","Planctomycetota","Planctomycetes","Gemmatales","Gemmataceae","Fimbriiglobus",NA
"ASV6917","Bacteria","Actinobacteriota","Actinobacteria","Micrococcales","Dermabacteraceae","Brachybacterium",NA
"ASV6934","Bacteria","Cyanobacteria","Cyanobacteriia","Leptolyngbyales","Leptolyngbyaceae",NA,NA
"ASV6942","Bacteria","Proteobacteria",NA,NA,NA,NA,NA
"ASV6947","Bacteria","Proteobacteria",NA,NA,NA,NA,NA
"ASV6954","Bacteria","Proteobacteria","Alphaproteobacteria","Rickettsiales","Candidatus Hepatincola",NA,NA
"ASV6957","Bacteria","Proteobacteria","Alphaproteobacteria","Rickettsiales",NA,NA,NA
"ASV7088","Bacteria","Planctomycetota","Planctomycetes","Gemmatales","Gemmataceae","Zavarzinella",NA
"ASV7108","Bacteria","Patescibacteria","Parcubacteria","Candidatus Campbellbacteria",NA,NA,NA
"ASV7116","Bacteria","Proteobacteria","Gammaproteobacteria","Burkholderiales","Neisseriaceae",NA,NA
"ASV7117","Bacteria","Bacteroidota","Bacteroidia","Chitinophagales","Saprospiraceae",NA,NA
"ASV7119","Bacteria","Verrucomicrobiota","Omnitrophia","Omnitrophales","Omnitrophaceae","Candidatus Omnitrophus",NA
"ASV7141","Bacteria","Verrucomicrobiota","Verrucomicrobiae","Chthoniobacterales","Chthoniobacteraceae",NA,NA
"ASV7160","Bacteria","Bdellovibrionota","Bdellovibrionia","Bdellovibrionales","Bdellovibrionaceae","Bdellovibrio",NA
"ASV7185","Bacteria","Bdellovibrionota","Bdellovibrionia","Bdellovibrionales","Bdellovibrionaceae","Bdellovibrio",NA
"ASV7236","Bacteria","Proteobacteria",NA,NA,NA,NA,NA
"ASV7249","Archaea","Nanoarchaeota","Nanoarchaeia","Woesearchaeales",NA,NA,NA
"ASV7269","Bacteria","Firmicutes","Clostridia","Clostridiales","Clostridiaceae","Clostridium sensu stricto 9",NA
"ASV7292","Bacteria","Proteobacteria","Gammaproteobacteria","Pseudomonadales","Moraxellaceae","Acinetobacter",NA
"ASV7331","Bacteria","Chloroflexi","Anaerolineae","Anaerolineales","Anaerolineaceae",NA,NA
"ASV7334","Bacteria","Proteobacteria",NA,NA,NA,NA,NA
"ASV7353","Bacteria","Bacteroidota","Bacteroidia","Bacteroidales","Bacteroidetes vadinHA17",NA,NA
"ASV7354","Bacteria","Sva0485",NA,NA,NA,NA,NA
"ASV7355","Bacteria","Zixibacteria",NA,NA,NA,NA,NA
"ASV7357","Bacteria","TA06",NA,NA,NA,NA,NA
"ASV7360","Bacteria","Proteobacteria","Alphaproteobacteria","Rickettsiales",NA,NA,NA
"ASV7378","Bacteria","Proteobacteria",NA,NA,NA,NA,NA
"ASV7438","Bacteria","Proteobacteria",NA,NA,NA,NA,NA
"ASV7504","Bacteria","Proteobacteria",NA,NA,NA,NA,NA
"ASV7511","Bacteria","Verrucomicrobiota","Verrucomicrobiae","Verrucomicrobiales","Verrucomicrobiaceae",NA,NA
"ASV7514","Bacteria","Proteobacteria",NA,NA,NA,NA,NA
"ASV7516","Bacteria","Planctomycetota","Planctomycetes","Isosphaerales","Isosphaeraceae",NA,NA
"ASV7599","Bacteria","Proteobacteria",NA,NA,NA,NA,NA
"ASV7663","Bacteria","Proteobacteria",NA,NA,NA,NA,NA
"ASV7673","Bacteria","Proteobacteria",NA,NA,NA,NA,NA
"ASV7695","Bacteria","Proteobacteria",NA,NA,NA,NA,NA
"ASV7714","Bacteria","Proteobacteria",NA,NA,NA,NA,NA
"ASV7719","Bacteria","Proteobacteria","Gammaproteobacteria","Steroidobacterales","Steroidobacteraceae",NA,NA
"ASV7731","Bacteria","Proteobacteria",NA,NA,NA,NA,NA
"ASV7734","Bacteria","Proteobacteria",NA,NA,NA,NA,NA
"ASV7740","Bacteria","Proteobacteria","Gammaproteobacteria","Burkholderiales","Comamonadaceae","Rhodoferax",NA
"ASV7771","Bacteria","Proteobacteria","Gammaproteobacteria","Burkholderiales","Comamonadaceae","Rhizobacter",NA
"ASV7779","Bacteria","Spirochaetota","Spirochaetia","Spirochaetales","Spirochaetaceae","Treponema",NA
"ASV7808","Bacteria","Proteobacteria","Alphaproteobacteria","Sphingomonadales","Sphingomonadaceae","Sphingomonas","sanxanigenens"
"ASV7813","Bacteria","Planctomycetota","Planctomycetes","Gemmatales","Gemmataceae",NA,NA
"ASV7826","Bacteria","Proteobacteria","Alphaproteobacteria","Rickettsiales",NA,NA,NA
"ASV7843","Bacteria","Proteobacteria","Alphaproteobacteria","Sphingomonadales","Sphingomonadaceae",NA,NA
"ASV7873","Bacteria","Verrucomicrobiota","Omnitrophia","Omnitrophales","Omnitrophaceae","Candidatus Omnitrophus",NA
"ASV7874","Bacteria","Proteobacteria","Gammaproteobacteria","Salinisphaerales","Solimonadaceae",NA,NA
"ASV7891","Bacteria","Patescibacteria","Saccharimonadia","Saccharimonadales","LWQ8",NA,NA
"ASV7966","Bacteria","Bacteroidota","Bacteroidia","Chitinophagales",NA,NA,NA
"ASV8012","Bacteria","Proteobacteria","Alphaproteobacteria","Rickettsiales",NA,NA,NA
"ASV8020","Bacteria","Proteobacteria","Alphaproteobacteria","Micavibrionales","Micavibrionaceae",NA,NA
"ASV8023","Bacteria","Bacteroidota","Bacteroidia","Cytophagales","Microscillaceae",NA,NA
"ASV8040","Bacteria","Firmicutes","Bacilli","Bacillales","Planococcaceae","Sporosarcina",NA
"ASV8043","Bacteria","Proteobacteria",NA,NA,NA,NA,NA
"ASV8096","Bacteria","Proteobacteria","Alphaproteobacteria","Rickettsiales",NA,NA,NA
"ASV8097","Bacteria","Proteobacteria","Gammaproteobacteria","Burkholderiales","Comamonadaceae",NA,NA
"ASV8218","Bacteria","Elusimicrobiota","Elusimicrobia","Lineage IV",NA,NA,NA
"ASV8230","Bacteria","Acidobacteriota","Holophagae","Holophagales","Holophagaceae","Geothrix",NA
"ASV8252","Bacteria","Actinobacteriota","Actinobacteria","Corynebacteriales","Nocardiaceae","Nocardia",NA
"ASV8282","Bacteria","Proteobacteria",NA,NA,NA,NA,NA
"ASV8291","Bacteria","Proteobacteria",NA,NA,NA,NA,NA
"ASV8336","Bacteria","Chloroflexi","Anaerolineae","Anaerolineales","Anaerolineaceae",NA,NA
"ASV8361","Bacteria","Proteobacteria",NA,NA,NA,NA,NA
"ASV8362","Bacteria","Proteobacteria",NA,NA,NA,NA,NA
"ASV8364","Bacteria","Acidobacteriota","Holophagae","Holophagales","Holophagaceae","Holophaga",NA
"ASV8367","Bacteria","Verrucomicrobiota","Verrucomicrobiae","Opitutales","Puniceicoccaceae","Verruc-01",NA
"ASV8369","Bacteria","WOR-1",NA,NA,NA,NA,NA
"ASV8370","Bacteria","Fibrobacterota","Fibrobacteria","Fibrobacterales",NA,NA,NA
"ASV8372","Bacteria","Spirochaetota","Spirochaetia","Spirochaetales","Spirochaetaceae","Spirochaeta",NA
"ASV8377","Bacteria","Proteobacteria",NA,NA,NA,NA,NA
"ASV8413","Bacteria","Proteobacteria",NA,NA,NA,NA,NA
"ASV8459","Bacteria","Bacteroidota","Bacteroidia","Flavobacteriales","Flavobacteriaceae","Flavobacterium",NA
"ASV8524","Bacteria","Proteobacteria",NA,NA,NA,NA,NA
"ASV8537","Bacteria","Fusobacteriota","Fusobacteriia","Fusobacteriales","Fusobacteriaceae","Cetobacterium",NA
"ASV8560","Bacteria","Proteobacteria",NA,NA,NA,NA,NA
"ASV8562","Bacteria","Proteobacteria",NA,NA,NA,NA,NA
"ASV8568","Bacteria","Proteobacteria",NA,NA,NA,NA,NA
"ASV8586","Bacteria","Gemmatimonadota","Gemmatimonadetes","Gemmatimonadales","Gemmatimonadaceae","Gemmatimonas",NA
"ASV8614","Bacteria","Proteobacteria",NA,NA,NA,NA,NA
"ASV8624","Bacteria","Bacteroidota","Kryptonia","Kryptoniales","BSV26",NA,NA
"ASV8625","Bacteria","Firmicutes","Clostridia","Clostridiales","Clostridiaceae",NA,NA
"ASV8658","Bacteria","Proteobacteria",NA,NA,NA,NA,NA
"ASV8659","Bacteria","Verrucomicrobiota","Verrucomicrobiae","Verrucomicrobiales","Rubritaleaceae","Luteolibacter",NA
"ASV8664","Bacteria","Firmicutes","Clostridia","Oscillospirales","Hungateiclostridiaceae",NA,NA
"ASV8675","Bacteria","Proteobacteria",NA,NA,NA,NA,NA
"ASV8681","Bacteria","Proteobacteria",NA,NA,NA,NA,NA
"ASV8770","Bacteria","Proteobacteria",NA,NA,NA,NA,NA
"ASV8779","Bacteria","Proteobacteria",NA,NA,NA,NA,NA
"ASV8810","Bacteria","Proteobacteria",NA,NA,NA,NA,NA
"ASV8817","Bacteria","Bacteroidota","Bacteroidia","Cytophagales","Spirosomaceae","Pseudarcicella",NA
"ASV8839","Bacteria","Firmicutes","Clostridia","Clostridiales","Clostridiaceae","Clostridium sensu stricto 1",NA
"ASV8854","Bacteria","Bdellovibrionota","Bdellovibrionia","Bdellovibrionales","Bdellovibrionaceae","Bdellovibrio",NA
"ASV8863","Bacteria","Gemmatimonadota","Gemmatimonadetes","Gemmatimonadales","Gemmatimonadaceae","Gemmatimonas",NA
"ASV8871","Bacteria","Proteobacteria",NA,NA,NA,NA,NA
"ASV8906","Bacteria","Proteobacteria",NA,NA,NA,NA,NA
"ASV8926","Bacteria","Proteobacteria","Alphaproteobacteria","Caedibacterales","Caedibacteraceae","Candidatus Nucleicultrix",NA
"ASV8932","Bacteria","Proteobacteria","Gammaproteobacteria","Methylococcales","Methylomonadaceae","Crenothrix",NA
"ASV8969","Bacteria","Proteobacteria","Gammaproteobacteria","Legionellales","Legionellaceae","Legionella",NA
"ASV8992","Bacteria","Proteobacteria","Alphaproteobacteria","Rickettsiales","SM2D12",NA,NA
"ASV9003","Bacteria","Proteobacteria",NA,NA,NA,NA,NA
"ASV9039","Bacteria","Proteobacteria",NA,NA,NA,NA,NA
"ASV9047","Bacteria","Armatimonadota","Fimbriimonadia","Fimbriimonadales","Fimbriimonadaceae",NA,NA
"ASV9051","Bacteria","Bacteroidota","Bacteroidia","Flavobacteriales","Weeksellaceae",NA,NA
"ASV9068","Bacteria","Proteobacteria",NA,NA,NA,NA,NA
"ASV9070","Bacteria","Planctomycetota","Planctomycetes","Gemmatales","Gemmataceae",NA,NA
"ASV9107","Bacteria","Acidobacteriota","Vicinamibacteria","Subgroup 17",NA,NA,NA
"ASV9148","Bacteria","Patescibacteria","Saccharimonadia","Saccharimonadales",NA,NA,NA
"ASV9250","Bacteria","Bacteroidota","Bacteroidia","Sphingobacteriales","NS11-12 marine group",NA,NA
"ASV9316","Bacteria","Firmicutes","Clostridia","Gracilibacteraceae",NA,NA,NA
"ASV9333","Bacteria","Planctomycetota","Planctomycetes","Pirellulales","Pirellulaceae",NA,NA
"ASV9347","Bacteria","Actinobacteriota","Actinobacteria","Pseudonocardiales","Pseudonocardiaceae","Pseudonocardia",NA
"ASV9349","Archaea","Euryarchaeota","Methanobacteria","Methanobacteriales","Methanobacteriaceae","Methanobrevibacter",NA
"ASV9351","Bacteria","Proteobacteria","Alphaproteobacteria","Rickettsiales","SM2D12",NA,NA
"ASV9382","Bacteria","Proteobacteria","Gammaproteobacteria","Enterobacterales","Alteromonadaceae","Rheinheimera",NA
"ASV9389","Bacteria","Proteobacteria",NA,NA,NA,NA,NA
"ASV9390","Bacteria","Planctomycetota","Planctomycetes","Gemmatales","Gemmataceae","Gemmata",NA
"ASV9416","Bacteria","Proteobacteria","Gammaproteobacteria","Legionellales","Legionellaceae","Legionella",NA
"ASV9590","Bacteria","Proteobacteria","Gammaproteobacteria","Xanthomonadales","Xanthomonadaceae","Arenimonas",NA
"ASV9655","Bacteria","Proteobacteria","Alphaproteobacteria","Rhizobiales","Rhizobiales Incertae Sedis","Phreatobacter",NA
"ASV9777","Bacteria","Proteobacteria","Alphaproteobacteria","Rickettsiales",NA,NA,NA
"ASV9794","Bacteria","Actinobacteriota","Actinobacteria","Propionibacteriales","Propionibacteriaceae","Friedmanniella",NA
"ASV9795","Bacteria","Proteobacteria",NA,NA,NA,NA,NA
"ASV9803","Bacteria","Proteobacteria","Alphaproteobacteria","Rickettsiales",NA,NA,NA
"ASV9828","Bacteria","Cyanobacteria","Cyanobacteriia","Leptolyngbyales","Leptolyngbyaceae",NA,NA
"ASV9856","Bacteria","Proteobacteria",NA,NA,NA,NA,NA
"ASV9870","Bacteria","Planctomycetota","Phycisphaerae","Tepidisphaerales","WD2101 soil group",NA,NA
"ASV9872","Bacteria","Planctomycetota","Phycisphaerae","MSBL9","SG8-4",NA,NA
"ASV9873","Bacteria","Planctomycetota","Planctomycetes","Gemmatales","Gemmataceae",NA,NA
"ASV9909","Bacteria","Proteobacteria",NA,NA,NA,NA,NA
"ASV9912","Bacteria","Cyanobacteria","Cyanobacteriia","Cyanobacteriales","Microcystaceae","Snowella 0TU37S04",NA
"ASV9913","Bacteria","Verrucomicrobiota","Omnitrophia","Omnitrophales","Omnitrophaceae","Candidatus Omnitrophus",NA
"ASV9934","Bacteria","Proteobacteria",NA,NA,NA,NA,NA
"ASV9940","Bacteria","Actinobacteriota","Actinobacteria","Micrococcales","Microbacteriaceae","Curtobacterium",NA
"ASV9958","Bacteria","Proteobacteria","Alphaproteobacteria","Rickettsiales",NA,NA,NA
"ASV9959","Bacteria","Chloroflexi","Anaerolineae","RBG-13-54-9",NA,NA,NA
"ASV9994","Bacteria","Cyanobacteria","Cyanobacteriia","Leptolyngbyales","Leptolyngbyaceae","Chamaesiphon PCC-7430",NA
"ASV10017","Bacteria","Bacteroidota","Bacteroidia","Flavobacteriales","Flavobacteriaceae","Flavobacterium",NA
"ASV10024","Bacteria","Planctomycetota","Planctomycetes","Gemmatales","Gemmataceae",NA,NA
"ASV10029","Bacteria","Proteobacteria","Gammaproteobacteria","Burkholderiales","SC-I-84",NA,NA
"ASV10032","Bacteria","Actinobacteriota","Acidimicrobiia","Microtrichales","Ilumatobacteraceae","CL500-29 marine group",NA
"ASV10113","Bacteria","Myxococcota","Polyangia","Polyangiales","Phaselicystidaceae","Phaselicystis",NA
"ASV10120","Bacteria","Bacteroidota","Bacteroidia","Sphingobacteriales","NS11-12 marine group",NA,NA
"ASV10124","Bacteria","Proteobacteria","Gammaproteobacteria","Burkholderiales","Comamonadaceae","Rhodoferax",NA
"ASV10126","Bacteria","Proteobacteria",NA,NA,NA,NA,NA
"ASV10128","Bacteria","Proteobacteria",NA,NA,NA,NA,NA
"ASV10135","Bacteria","Verrucomicrobiota","Verrucomicrobiae","Opitutales","Opitutaceae","Diplosphaera",NA
"ASV10147","Bacteria","Proteobacteria",NA,NA,NA,NA,NA
"ASV10162","Bacteria","Firmicutes","Clostridia","Oscillospirales","Hungateiclostridiaceae",NA,NA
"ASV10182","Bacteria","Proteobacteria","Gammaproteobacteria","Burkholderiales","Oxalobacteraceae","Undibacterium",NA
"ASV10191","Bacteria","Bacteroidota","Bacteroidia","Flavobacteriales","Weeksellaceae",NA,NA
"ASV10193","Bacteria","Verrucomicrobiota","Verrucomicrobiae","Pedosphaerales","Pedosphaeraceae","DEV114",NA
"ASV10196","Bacteria","Bacteroidota","Bacteroidia","Chitinophagales",NA,NA,NA
"ASV10197","Bacteria","Bacteroidota","Bacteroidia","Cytophagales","Microscillaceae",NA,NA
"ASV10208","Bacteria","Patescibacteria","Saccharimonadia","Saccharimonadales",NA,NA,NA
"ASV10214","Bacteria","Firmicutes","Clostridia","Oscillospirales","Hungateiclostridiaceae",NA,NA
"ASV10244","Bacteria","Bacteroidota","Bacteroidia","Chitinophagales","Chitinophagaceae","Ferruginibacter",NA
"ASV10247","Bacteria","Proteobacteria","Alphaproteobacteria","Rickettsiales",NA,NA,NA
"ASV10248","Bacteria","Planctomycetota","Planctomycetes","Pirellulales","Pirellulaceae","Pir4 lineage",NA
"ASV10253","Bacteria","Fusobacteriota","Fusobacteriia","Fusobacteriales","Fusobacteriaceae","Cetobacterium",NA
"ASV10302","Bacteria","Bacteroidota","Bacteroidia","Chitinophagales","Chitinophagaceae",NA,NA
"ASV10303","Bacteria","Actinobacteriota","Actinobacteria","Frankiales","Geodermatophilaceae","Blastococcus",NA
"ASV10308","Bacteria","Firmicutes","Clostridia","Lachnospirales","Lachnospiraceae","Marvinbryantia",NA
"ASV10356","Bacteria","Proteobacteria",NA,NA,NA,NA,NA
"ASV10478","Bacteria","Firmicutes","Bacilli","Lactobacillales","Carnobacteriaceae","Trichococcus",NA
"ASV10493","Bacteria","Proteobacteria",NA,NA,NA,NA,NA
"ASV10538","Bacteria","Proteobacteria",NA,NA,NA,NA,NA
"ASV10542","Bacteria","Proteobacteria",NA,NA,NA,NA,NA
"ASV10551","Bacteria","Proteobacteria","Alphaproteobacteria","Sphingomonadales","Sphingomonadaceae","Sphingobium","herbicidovorans"
"ASV10581","Bacteria","Planctomycetota","Planctomycetes","Gemmatales","Gemmataceae","Zavarzinella",NA
"ASV10617","Bacteria","Planctomycetota","Planctomycetes","Isosphaerales","Isosphaeraceae",NA,NA
"ASV10639","Bacteria","Myxococcota","Polyangia","Haliangiales","Haliangiaceae","Haliangium",NA
"ASV10651","Bacteria","Proteobacteria",NA,NA,NA,NA,NA
"ASV10653","Bacteria","Verrucomicrobiota","Kiritimatiellae","WCHB1-41",NA,NA,NA
"ASV10669","Bacteria","Proteobacteria",NA,NA,NA,NA,NA
"ASV10708","Bacteria","Proteobacteria",NA,NA,NA,NA,NA
"ASV10709","Bacteria","Proteobacteria","Gammaproteobacteria","Legionellales","Legionellaceae","Legionella",NA
"ASV10712","Bacteria","Bacteroidota","Bacteroidia","Bacteroidales",NA,NA,NA
"ASV10720","Bacteria","Proteobacteria","Alphaproteobacteria","Rickettsiales",NA,NA,NA
"ASV10771","Bacteria","Planctomycetota","Planctomycetes","Isosphaerales","Isosphaeraceae",NA,NA
"ASV10798","Bacteria","Bacteroidota","Bacteroidia","Cytophagales","Cytophagaceae","Cytophaga",NA
"ASV10806","Bacteria","Bacteroidota","Bacteroidia","Chitinophagales","Saprospiraceae",NA,NA
"ASV10854","Bacteria","Proteobacteria","Gammaproteobacteria","Diplorickettsiales","Diplorickettsiaceae",NA,NA
"ASV10864","Bacteria","Proteobacteria","Alphaproteobacteria","Rickettsiales",NA,NA,NA
"ASV10867","Bacteria","Proteobacteria","Alphaproteobacteria","Rickettsiales",NA,NA,NA
"ASV10874","Bacteria","Cyanobacteria","Cyanobacteriia","Leptolyngbyales","Leptolyngbyaceae","LB3-76",NA
"ASV10875","Bacteria","Bacteroidota","Bacteroidia","Sphingobacteriales","AKYH767",NA,NA
"ASV10876","Bacteria","Bacteroidota","Bacteroidia","Chitinophagales","Chitinophagaceae","Ferruginibacter",NA
"ASV10885","Bacteria","Proteobacteria","Alphaproteobacteria","Rickettsiales","SM2D12",NA,NA
"ASV10893","Bacteria","Proteobacteria",NA,NA,NA,NA,NA
"ASV10924","Bacteria","Planctomycetota","Planctomycetes","Pirellulales","Pirellulaceae",NA,NA
"ASV10925","Bacteria","Actinobacteriota","Coriobacteriia","OPB41",NA,NA,NA
"ASV10964","Bacteria","Myxococcota","Myxococcia","Myxococcales","Anaeromyxobacteraceae","Anaeromyxobacter",NA
"ASV10979","Bacteria","Proteobacteria",NA,NA,NA,NA,NA
"ASV10981","Bacteria","Proteobacteria","Alphaproteobacteria","Rickettsiales",NA,NA,NA
"ASV11146","Bacteria","Proteobacteria","Alphaproteobacteria","Rhizobiales","Beijerinckiaceae","FukuN57",NA
"ASV11161","Bacteria","Proteobacteria","Gammaproteobacteria","Legionellales","Legionellaceae","Legionella",NA
"ASV11280","Bacteria","Proteobacteria","Alphaproteobacteria","Micavibrionales",NA,NA,NA
"ASV11283","Bacteria","Planctomycetota","Planctomycetes","Gemmatales","Gemmataceae",NA,NA
"ASV11290","Bacteria","Proteobacteria",NA,NA,NA,NA,NA
"ASV11307","Bacteria","Proteobacteria","Gammaproteobacteria","Burkholderiales","Comamonadaceae","Leptothrix",NA
"ASV11321","Bacteria","Proteobacteria",NA,NA,NA,NA,NA
"ASV11434","Bacteria","Bacteroidota","Bacteroidia","Flavobacteriales","Crocinitomicaceae","Fluviicola",NA
"ASV11444","Bacteria","Myxococcota","Myxococcia","Myxococcales","Myxococcaceae","P3OB-42",NA
"ASV11479","Bacteria","Planctomycetota","Planctomycetes","Pirellulales","Pirellulaceae",NA,NA
"ASV11481","Bacteria","Verrucomicrobiota","Verrucomicrobiae","Chthoniobacterales","Terrimicrobiaceae","Terrimicrobium",NA
"ASV11498","Archaea","Nanoarchaeota","Nanoarchaeia","Woesearchaeales",NA,NA,NA
"ASV11543","Bacteria","Patescibacteria","Gracilibacteria","Absconditabacteriales (SR1)",NA,NA,NA
"ASV11599","Bacteria","Proteobacteria",NA,NA,NA,NA,NA
"ASV11620","Bacteria","Actinobacteriota","Acidimicrobiia","Microtrichales","Ilumatobacteraceae",NA,NA
"ASV11703","Bacteria","Proteobacteria","Alphaproteobacteria","Rickettsiales","SM2D12",NA,NA
"ASV11723","Bacteria","Firmicutes","Negativicutes","Veillonellales-Selenomonadales","Sporomusaceae",NA,NA
"ASV11910","Archaea","Nanoarchaeota","Nanoarchaeia","Woesearchaeales",NA,NA,NA
"ASV12060","Bacteria","Verrucomicrobiota","Omnitrophia","Omnitrophales",NA,NA,NA
"ASV12112","Bacteria","Proteobacteria",NA,NA,NA,NA,NA
"ASV12113","Bacteria","Firmicutes","Bacilli","Exiguobacterales","Exiguobacteraceae","Exiguobacterium",NA
"ASV12119","Bacteria","Bacteroidota","Bacteroidia","Cytophagales","Microscillaceae",NA,NA
"ASV12185","Bacteria","Bdellovibrionota","Bdellovibrionia","Bacteriovoracales","Bacteriovoracaceae","Peredibacter",NA
"ASV12189","Bacteria","Proteobacteria",NA,NA,NA,NA,NA
"ASV12204","Bacteria","Proteobacteria","Alphaproteobacteria","Rickettsiales","Candidatus Hepatincola",NA,NA
"ASV12220","Bacteria","Proteobacteria",NA,NA,NA,NA,NA
"ASV12244","Bacteria","Proteobacteria",NA,NA,NA,NA,NA
"ASV12259","Bacteria","Bacteroidota","Bacteroidia","Sphingobacteriales","NS11-12 marine group",NA,NA
"ASV12290","Archaea","Nanoarchaeota","Nanoarchaeia","Woesearchaeales",NA,NA,NA
"ASV12343","Bacteria","Verrucomicrobiota","Verrucomicrobiae","Pedosphaerales","Pedosphaeraceae",NA,NA
"ASV12346","Archaea","Halobacterota","Methanocellia","Methanocellales","Methanocellaceae","Rice Cluster I",NA
"ASV12347","Bacteria","Bacteroidota","Bacteroidia","Bacteroidales","Bacteroidetes vadinHA17",NA,NA
"ASV12352","Bacteria","Firmicutes","Bacilli","Bacillales","Bacillaceae",NA,NA
"ASV12371","Bacteria","Proteobacteria",NA,NA,NA,NA,NA
"ASV12404","Bacteria","Proteobacteria","Alphaproteobacteria","Rickettsiales",NA,NA,NA
"ASV12416","Bacteria","Proteobacteria","Alphaproteobacteria","Rickettsiales",NA,NA,NA
"ASV12419","Bacteria","Proteobacteria",NA,NA,NA,NA,NA
"ASV12425","Bacteria","Proteobacteria",NA,NA,NA,NA,NA
"ASV12433","Bacteria","Desulfobacterota","Syntrophia","Syntrophales","Smithellaceae","Smithella",NA
"ASV12434","Bacteria","Proteobacteria",NA,NA,NA,NA,NA
"ASV12437","Bacteria","Planctomycetota","Planctomycetes","Gemmatales","Gemmataceae",NA,NA
"ASV12543","Bacteria","Bacteroidota","Bacteroidia","Bacteroidales","Bacteroidetes vadinHA17",NA,NA
"ASV12544","Bacteria","Planctomycetota","Planctomycetes","Gemmatales","Gemmataceae",NA,NA
"ASV12546","Bacteria","Proteobacteria",NA,NA,NA,NA,NA
"ASV12559","Bacteria","Proteobacteria","Gammaproteobacteria","Diplorickettsiales","Diplorickettsiaceae",NA,NA
"ASV12560","Bacteria","Proteobacteria","Alphaproteobacteria","Paracaedibacterales","Paracaedibacteraceae",NA,NA
"ASV12584","Bacteria","Proteobacteria","Alphaproteobacteria","Caulobacterales","Caulobacteraceae","Brevundimonas",NA
"ASV12651","Bacteria","Proteobacteria","Alphaproteobacteria","Tistrellales","Geminicoccaceae",NA,NA
"ASV12714","Bacteria","Proteobacteria","Gammaproteobacteria","Enterobacterales","Idiomarinaceae","Aliidiomarina",NA
"ASV12715","Bacteria","Proteobacteria",NA,NA,NA,NA,NA
"ASV12716","Bacteria","Verrucomicrobiota","Verrucomicrobiae","Pedosphaerales","Pedosphaeraceae",NA,NA
"ASV12776","Bacteria","Proteobacteria",NA,NA,NA,NA,NA
"ASV12792","Bacteria","Proteobacteria",NA,NA,NA,NA,NA
"ASV12810","Bacteria","Proteobacteria",NA,NA,NA,NA,NA
"ASV12816","Bacteria","Planctomycetota","Planctomycetes","Gemmatales","Gemmataceae",NA,NA
"ASV12824","Bacteria","Proteobacteria",NA,NA,NA,NA,NA
"ASV12827","Bacteria","Verrucomicrobiota","Verrucomicrobiae","Chthoniobacterales","Terrimicrobiaceae","Terrimicrobium",NA
"ASV12866","Bacteria","Proteobacteria","Alphaproteobacteria","Sphingomonadales","Sphingomonadaceae","Sandaracinobacter",NA
"ASV12877","Bacteria","Proteobacteria",NA,NA,NA,NA,NA
"ASV12878","Bacteria","Proteobacteria","Alphaproteobacteria","Sphingomonadales","Sphingomonadaceae","Sphingomonas","humi"
"ASV12887","Bacteria","Chloroflexi","Anaerolineae","Caldilineales","Caldilineaceae",NA,NA
"ASV12923","Bacteria","Verrucomicrobiota","Kiritimatiellae","WCHB1-41",NA,NA,NA
"ASV12926","Bacteria","Bacteroidota","Bacteroidia","Sphingobacteriales","AKYH767",NA,NA
"ASV12927","Bacteria","Bacteroidota","Bacteroidia","Chitinophagales","Chitinophagaceae","Aurantisolimonas",NA
"ASV12935","Bacteria","Proteobacteria",NA,NA,NA,NA,NA
"ASV12955","Bacteria","Proteobacteria","Alphaproteobacteria","Caulobacterales","Caulobacteraceae","Brevundimonas",NA
"ASV13012","Bacteria","Chloroflexi","Chloroflexia","Thermomicrobiales","JG30-KF-CM45",NA,NA
"ASV13078","Bacteria","Verrucomicrobiota","Omnitrophia","Omnitrophales","Omnitrophaceae","Candidatus Omnitrophus",NA
"ASV13082","Bacteria","Proteobacteria","Gammaproteobacteria","Burkholderiales","Oxalobacteraceae","Undibacterium",NA
"ASV13173","Bacteria","Proteobacteria",NA,NA,NA,NA,NA
"ASV13175","Bacteria","Proteobacteria",NA,NA,NA,NA,NA
"ASV13207","Bacteria","Proteobacteria",NA,NA,NA,NA,NA
"ASV13217","Bacteria","Proteobacteria","Gammaproteobacteria","Chromatiales","Chromatiaceae","Thiocystis",NA
"ASV13299","Bacteria","Verrucomicrobiota","Kiritimatiellae","WCHB1-41",NA,NA,NA
"ASV13302","Bacteria","Planctomycetota","Planctomycetes","Pirellulales","Pirellulaceae","Pirellula",NA
"ASV13382","Bacteria","Proteobacteria",NA,NA,NA,NA,NA
"ASV13461","Bacteria","Proteobacteria",NA,NA,NA,NA,NA
"ASV13496","Bacteria","Proteobacteria","Gammaproteobacteria","Burkholderiales","Comamonadaceae","Rhodoferax",NA
"ASV13531","Bacteria","Proteobacteria",NA,NA,NA,NA,NA
"ASV13535","Bacteria","Bacteroidota","Bacteroidia","Chitinophagales","Saprospiraceae",NA,NA
"ASV13562","Bacteria","Verrucomicrobiota","Verrucomicrobiae","Pedosphaerales","Pedosphaeraceae","Pedosphaera",NA
"ASV13571","Bacteria","Proteobacteria","Alphaproteobacteria","Rickettsiales",NA,NA,NA
"ASV13584","Bacteria","Proteobacteria",NA,NA,NA,NA,NA
"ASV13602","Bacteria","Planctomycetota","Planctomycetes","Pirellulales","Pirellulaceae",NA,NA
"ASV13650","Bacteria","Bacteroidota","Bacteroidia","Flavobacteriales","Flavobacteriaceae","Flavobacterium",NA
"ASV13654","Bacteria","Proteobacteria","Gammaproteobacteria","Burkholderiales","Comamonadaceae",NA,NA
"ASV13657","Bacteria","Proteobacteria","Alphaproteobacteria","Rickettsiales","Rickettsiaceae",NA,NA
"ASV13666","Bacteria","Planctomycetota","Planctomycetes","Isosphaerales","Isosphaeraceae",NA,NA
"ASV13673","Bacteria","Proteobacteria",NA,NA,NA,NA,NA
"ASV13681","Bacteria","Proteobacteria","Alphaproteobacteria","Rickettsiales","Candidatus Hepatincola",NA,NA
"ASV13685","Bacteria","Proteobacteria",NA,NA,NA,NA,NA
"ASV13708","Bacteria","Proteobacteria","Alphaproteobacteria","Sphingomonadales","Sphingomonadaceae","MN 122.2a",NA
"ASV13719","Bacteria","Proteobacteria",NA,NA,NA,NA,NA
"ASV13724","Bacteria","Proteobacteria",NA,NA,NA,NA,NA
"ASV13738","Bacteria","Proteobacteria",NA,NA,NA,NA,NA
"ASV13743","Bacteria","Proteobacteria","Alphaproteobacteria","Rickettsiales",NA,NA,NA
"ASV13754","Bacteria","Bacteroidota","Bacteroidia","Flavobacteriales","Flavobacteriaceae","Flavobacterium",NA
"ASV13765","Bacteria","Firmicutes","Clostridia","Lachnospirales","Lachnospiraceae","Lachnospiraceae AC2044 group",NA
"ASV13768","Bacteria","Planctomycetota","Planctomycetes","Planctomycetales",NA,NA,NA
"ASV13830","Bacteria","Patescibacteria","Saccharimonadia","Saccharimonadales",NA,NA,NA
"ASV13834","Bacteria","Planctomycetota","Planctomycetes","Pirellulales","Pirellulaceae","Pir4 lineage",NA
"ASV13836","Bacteria","Proteobacteria","Alphaproteobacteria","Rhizobiales","Beijerinckiaceae",NA,NA
"ASV13843","Bacteria","Bacteroidota","Bacteroidia","Bacteroidales","F082",NA,NA
"ASV13856","Bacteria","Proteobacteria","Gammaproteobacteria","Burkholderiales","Oxalobacteraceae","Duganella",NA
"ASV13871","Bacteria","Acidobacteriota","Vicinamibacteria","Vicinamibacterales",NA,NA,NA
"ASV13888","Bacteria","Actinobacteriota","Thermoleophilia","Solirubrobacterales","67-14",NA,NA
"ASV13934","Bacteria","Bacteroidota","Bacteroidia","Cytophagales","Spirosomaceae","Emticicia",NA
"ASV13955","Bacteria","Planctomycetota","Planctomycetes","Isosphaerales","Isosphaeraceae",NA,NA
"ASV13956","Bacteria","Planctomycetota","Planctomycetes","Gemmatales","Gemmataceae","Gemmata",NA
"ASV13979","Bacteria","Actinobacteriota","Actinobacteria","Frankiales","Nakamurellaceae","Nakamurella","flavida"
"ASV13981","Bacteria","Proteobacteria",NA,NA,NA,NA,NA
"ASV14006","Bacteria","Proteobacteria","Alphaproteobacteria","Rickettsiales",NA,NA,NA
"ASV14040","Bacteria","Proteobacteria",NA,NA,NA,NA,NA
"ASV14043","Bacteria","Proteobacteria",NA,NA,NA,NA,NA
"ASV14058","Bacteria","Proteobacteria","Alphaproteobacteria","Rickettsiales","Candidatus Hepatincola",NA,NA
"ASV14062","Bacteria","Actinobacteriota","Actinobacteria","Frankiales","Sporichthyaceae","hgcI clade",NA
"ASV14063","Bacteria","Bacteroidota","Bacteroidia","Flavobacteriales","Weeksellaceae","Chryseobacterium",NA
"ASV14065","Bacteria","Actinobacteriota","Actinobacteria","Frankiales","Sporichthyaceae","Candidatus Planktophila",NA
"ASV14073","Bacteria","Proteobacteria",NA,NA,NA,NA,NA
"ASV14078","Bacteria","Proteobacteria",NA,NA,NA,NA,NA
"ASV14090","Bacteria","Verrucomicrobiota","Verrucomicrobiae","Opitutales","Opitutaceae","Cephaloticoccus",NA
"ASV14092","Bacteria","Proteobacteria",NA,NA,NA,NA,NA
"ASV14093","Bacteria","Firmicutes","Clostridia","Lachnospirales","Lachnospiraceae",NA,NA
"ASV14104","Bacteria","Proteobacteria",NA,NA,NA,NA,NA
"ASV14117","Bacteria","Cyanobacteria","Cyanobacteriia","Leptolyngbyales","Leptolyngbyaceae","Phormidium CYN64",NA
"ASV14118","Bacteria","Bacteroidota","Bacteroidia","Chitinophagales","Chitinophagaceae","Aurantisolimonas",NA
"ASV14123","Bacteria","Proteobacteria","Alphaproteobacteria","Rhodobacterales","Rhodobacteraceae","Paracoccus",NA
"ASV14125","Bacteria","Firmicutes","Clostridia","Lachnospirales","Lachnospiraceae",NA,NA
"ASV14197","Bacteria","Verrucomicrobiota","Chlamydiae","Chlamydiales","Parachlamydiaceae","Candidatus Protochlamydia",NA
"ASV14219","Bacteria","Firmicutes","Clostridia","Lachnospirales","Lachnospiraceae","Lachnospiraceae XPB1014 group",NA
"ASV14255","Bacteria","Proteobacteria",NA,NA,NA,NA,NA
"ASV14274","Bacteria","Proteobacteria","Gammaproteobacteria","Enterobacterales","Morganellaceae","Providencia",NA
"ASV14303","Bacteria","Proteobacteria",NA,NA,NA,NA,NA
"ASV14392","Bacteria","Patescibacteria","ABY1","Candidatus Kerfeldbacteria",NA,NA,NA
"ASV14592","Bacteria","Proteobacteria",NA,NA,NA,NA,NA
"ASV14717","Bacteria","Planctomycetota","Planctomycetes","Gemmatales","Gemmataceae",NA,NA
"ASV14895","Bacteria","Proteobacteria","Alphaproteobacteria","Rickettsiales",NA,NA,NA
"ASV15059","Bacteria","Patescibacteria","Saccharimonadia","Saccharimonadales",NA,NA,NA
"ASV15061","Bacteria","Myxococcota","Polyangia","Polyangiales","Polyangiaceae","Pajaroellobacter",NA
"ASV15147","Bacteria","Proteobacteria","Gammaproteobacteria","Legionellales","Legionellaceae","Legionella",NA
"ASV15207","Bacteria","Proteobacteria","Alphaproteobacteria","Sphingomonadales","Sphingomonadaceae","Blastomonas",NA
"ASV15328","Bacteria","Patescibacteria","Saccharimonadia","Saccharimonadales",NA,NA,NA
"ASV15416","Bacteria","Proteobacteria","Alphaproteobacteria","Rickettsiales",NA,NA,NA
"ASV15447","Bacteria","Proteobacteria","Gammaproteobacteria","Burkholderiales","Neisseriaceae",NA,NA
"ASV15452","Bacteria","Proteobacteria","Alphaproteobacteria","Rickettsiales","SM2D12",NA,NA
"ASV15797","Bacteria","Proteobacteria","Alphaproteobacteria","Sphingomonadales","Sphingomonadaceae","Sphingorhabdus",NA
"ASV15952","Bacteria","Proteobacteria","Alphaproteobacteria","Acetobacterales","Acetobacteraceae",NA,NA
"ASV15970","Bacteria","Planctomycetota","Phycisphaerae","Phycisphaerales","Phycisphaeraceae","SM1A02",NA
"ASV15976","Bacteria","Firmicutes","Clostridia","Clostridiales","Clostridiaceae","Clostridium sensu stricto 1",NA
"ASV16070","Bacteria","Myxococcota","Polyangia","VHS-B3-70",NA,NA,NA
"ASV16084","Archaea","Nanoarchaeota","Nanoarchaeia","Woesearchaeales",NA,NA,NA
"ASV16118","Bacteria","Verrucomicrobiota","Verrucomicrobiae","Chthoniobacterales","Chthoniobacteraceae","Chthoniobacter",NA
"ASV16155","Bacteria","Proteobacteria","Gammaproteobacteria","Diplorickettsiales","Diplorickettsiaceae",NA,NA
"ASV16213","Bacteria","Firmicutes","Clostridia","Oscillospirales","Hungateiclostridiaceae","Ruminiclostridium",NA
"ASV16289","Bacteria","Proteobacteria","Alphaproteobacteria","Rhizobiales","Rhizobiales Incertae Sedis",NA,NA
"ASV16306","Bacteria","Proteobacteria",NA,NA,NA,NA,NA
"ASV16314","Bacteria","Proteobacteria",NA,NA,NA,NA,NA
"ASV16345","Bacteria","Proteobacteria","Alphaproteobacteria","Rickettsiales",NA,NA,NA
"ASV16376","Bacteria","Proteobacteria",NA,NA,NA,NA,NA
"ASV16414","Bacteria","Proteobacteria","Gammaproteobacteria","Enterobacterales","Aeromonadaceae","Aeromonas",NA
"ASV16447","Bacteria","Proteobacteria","Gammaproteobacteria","Burkholderiales","Oxalobacteraceae","Massilia",NA
"ASV16475","Bacteria","Proteobacteria",NA,NA,NA,NA,NA
"ASV16492","Bacteria","Proteobacteria","Alphaproteobacteria","Sphingomonadales","Sphingomonadaceae","Novosphingobium",NA
"ASV16494","Bacteria","Proteobacteria","Gammaproteobacteria","Burkholderiales","Chromobacteriaceae","Vogesella",NA
"ASV16495","Bacteria","Proteobacteria","Gammaproteobacteria","Burkholderiales","Methylophilaceae","Methylotenera",NA
"ASV16509","Bacteria","Proteobacteria",NA,NA,NA,NA,NA
"ASV16515","Bacteria","Proteobacteria",NA,NA,NA,NA,NA
"ASV16541","Bacteria","Proteobacteria",NA,NA,NA,NA,NA
"ASV16545","Bacteria","Verrucomicrobiota","Verrucomicrobiae","Chthoniobacterales","Terrimicrobiaceae","FukuN18 freshwater group",NA
"ASV16596","Bacteria","Proteobacteria",NA,NA,NA,NA,NA
"ASV16706","Bacteria","Firestonebacteria",NA,NA,NA,NA,NA
"ASV16708","Bacteria","Bacteroidota","Bacteroidia","Sphingobacteriales","Lentimicrobiaceae",NA,NA
"ASV16713","Bacteria","Cyanobacteria","Cyanobacteriia","Synechococcales","Cyanobiaceae","Cyanobium PCC-6307",NA
"ASV16716","Bacteria","Zixibacteria",NA,NA,NA,NA,NA
"ASV16717","Bacteria","Acidobacteriota","Aminicenantia","Aminicenantales",NA,NA,NA
"ASV16719","Bacteria","Actinobacteriota","Actinobacteria","Frankiales",NA,NA,NA
"ASV16720","Bacteria","Actinobacteriota","Actinobacteria","PeM15",NA,NA,NA
"ASV16732","Bacteria","Proteobacteria",NA,NA,NA,NA,NA
"ASV16846","Bacteria","Verrucomicrobiota","Verrucomicrobiae","Chthoniobacterales","Chthoniobacteraceae","LD29",NA
"ASV16850","Bacteria","Proteobacteria",NA,NA,NA,NA,NA
"ASV16853","Bacteria","Bacteroidota","Bacteroidia","Flavobacteriales","Weeksellaceae",NA,NA
"ASV16860","Bacteria","Proteobacteria",NA,NA,NA,NA,NA
"ASV16913","Bacteria","Bdellovibrionota","Bdellovibrionia","Bdellovibrionales","Bdellovibrionaceae","Bdellovibrio",NA
"ASV16950","Bacteria","Chloroflexi","Anaerolineae","SBR1031","A4b",NA,NA
"ASV17002","Bacteria","Proteobacteria",NA,NA,NA,NA,NA
"ASV17027","Bacteria","Proteobacteria","Alphaproteobacteria","Rickettsiales",NA,NA,NA
"ASV17033","Bacteria","Bacteroidota","Bacteroidia","Chitinophagales","Chitinophagaceae",NA,NA
"ASV17034","Bacteria","Verrucomicrobiota","Verrucomicrobiae","S-BQ2-57 soil group",NA,NA,NA
"ASV17035","Bacteria","Firmicutes","Bacilli","Alicyclobacillales","Alicyclobacillaceae","Tumebacillus",NA
"ASV17036","Bacteria","Bacteroidota","Bacteroidia","Bacteroidales","Bacteroidetes BD2-2",NA,NA
"ASV17090","Bacteria","Proteobacteria",NA,NA,NA,NA,NA
"ASV17219","Bacteria","Proteobacteria",NA,NA,NA,NA,NA
"ASV17291","Archaea","Euryarchaeota","Methanobacteria","Methanobacteriales","Methanobacteriaceae","Methanobacterium",NA
"ASV17296","Bacteria","Proteobacteria",NA,NA,NA,NA,NA
"ASV17299","Bacteria","Proteobacteria",NA,NA,NA,NA,NA
"ASV17307","Bacteria","Cyanobacteria","Cyanobacteriia","Pseudanabaenales","Pseudanabaenaceae","Synechococcus PCC-7502",NA
"ASV17308","Bacteria","Bacteroidota","Kryptonia","Kryptoniales","BSV26",NA,NA
"ASV17348","Bacteria","Cyanobacteria","Cyanobacteriia","Synechococcales","Cyanobiaceae","Cyanobium PCC-6307",NA
"ASV17507","Bacteria","Proteobacteria",NA,NA,NA,NA,NA
"ASV17528","Bacteria","Bacteroidota","Bacteroidia","Bacteroidales",NA,NA,NA
"ASV17532","Bacteria","Proteobacteria","Gammaproteobacteria","Pseudomonadales","Pseudomonadaceae","Pseudomonas",NA
"ASV17547","Bacteria","Proteobacteria","Alphaproteobacteria","Rickettsiales",NA,NA,NA
"ASV17556","Bacteria","Proteobacteria",NA,NA,NA,NA,NA
"ASV17559","Bacteria","Proteobacteria","Gammaproteobacteria","Pseudomonadales","Moraxellaceae","Cavicella",NA
"ASV17588","Bacteria","Proteobacteria","Alphaproteobacteria","Rickettsiales","Candidatus Hepatincola",NA,NA
"ASV17591","Bacteria","Proteobacteria",NA,NA,NA,NA,NA
"ASV17595","Bacteria","Proteobacteria","Alphaproteobacteria","SAR11 clade","Clade III",NA,NA
"ASV17596","Bacteria","Firmicutes","Clostridia","Clostridiales","Clostridiaceae","Clostridium sensu stricto 1",NA
"ASV17625","Bacteria","Chloroflexi","Chloroflexia","Chloroflexales","Chloroflexaceae","Chloronema",NA
"ASV17643","Bacteria","Proteobacteria",NA,NA,NA,NA,NA
"ASV17705","Bacteria","Proteobacteria",NA,NA,NA,NA,NA
"ASV17729","Bacteria","Proteobacteria","Alphaproteobacteria","Rickettsiales","SM2D12",NA,NA
"ASV17743","Bacteria","Proteobacteria",NA,NA,NA,NA,NA
"ASV17750","Bacteria","Proteobacteria",NA,NA,NA,NA,NA
"ASV17777","Bacteria","Bacteroidota","Bacteroidia","Flavobacteriales","Flavobacteriaceae","Flavobacterium",NA
"ASV17779","Bacteria","Proteobacteria","Gammaproteobacteria","Burkholderiales","Comamonadaceae",NA,NA
"ASV17795","Bacteria","Verrucomicrobiota","Verrucomicrobiae","Opitutales","Opitutaceae","IMCC26134",NA
"ASV17798","Bacteria","Armatimonadota","Fimbriimonadia","Fimbriimonadales","Fimbriimonadaceae",NA,NA
"ASV17813","Bacteria","Proteobacteria",NA,NA,NA,NA,NA
"ASV17834","Bacteria","Proteobacteria","Alphaproteobacteria","Rickettsiales",NA,NA,NA
"ASV17914","Bacteria","Bacteroidota","Bacteroidia","Flavobacteriales","Weeksellaceae",NA,NA
"ASV17929","Bacteria","Bdellovibrionota","Bdellovibrionia","Bdellovibrionales","Bdellovibrionaceae","Bdellovibrio",NA
"ASV17932","Bacteria","Proteobacteria",NA,NA,NA,NA,NA
"ASV17997","Bacteria","Proteobacteria",NA,NA,NA,NA,NA
"ASV18039","Bacteria","Proteobacteria","Gammaproteobacteria","Pseudomonadales","Moraxellaceae","Acinetobacter",NA
"ASV18079","Bacteria","Proteobacteria",NA,NA,NA,NA,NA
"ASV18279","Bacteria","Acidobacteriota","Acidobacteriae","Paludibaculum",NA,NA,NA
"ASV18360","Bacteria","Proteobacteria","Gammaproteobacteria","Burkholderiales","Comamonadaceae","Rhodoferax",NA
"ASV18470","Bacteria","Proteobacteria",NA,NA,NA,NA,NA
"ASV18661","Bacteria","Bacteroidota","Bacteroidia","Sphingobacteriales","env.OPS 17",NA,NA
"ASV18682","Bacteria","Proteobacteria",NA,NA,NA,NA,NA
"ASV18715","Bacteria","Verrucomicrobiota","Verrucomicrobiae","Verrucomicrobiales","DEV007",NA,NA
"ASV18732","Archaea","Halobacterota","Methanomicrobia","Methanomicrobiales","Methanospirillaceae","Methanospirillum",NA
"ASV18789","Bacteria","Proteobacteria",NA,NA,NA,NA,NA
"ASV18808","Bacteria","Actinobacteriota","Actinobacteria","Micrococcales","Microbacteriaceae","Rhodoluna",NA
"ASV18818","Bacteria","Proteobacteria",NA,NA,NA,NA,NA
"ASV18824","Bacteria","Chloroflexi","Anaerolineae","SBR1031",NA,NA,NA
"ASV18827","Bacteria","Proteobacteria","Alphaproteobacteria","Rhizobiales","Hyphomicrobiaceae","Hyphomicrobium",NA
"ASV18860","Bacteria","Firmicutes","Clostridia","Lachnospirales","Lachnospiraceae",NA,NA
"ASV18911","Bacteria","Proteobacteria","Alphaproteobacteria","Rickettsiales",NA,NA,NA
"ASV18925","Bacteria","Proteobacteria",NA,NA,NA,NA,NA
"ASV18935","Bacteria","Proteobacteria",NA,NA,NA,NA,NA
"ASV18936","Bacteria","Proteobacteria",NA,NA,NA,NA,NA
"ASV18937","Bacteria","Proteobacteria",NA,NA,NA,NA,NA
"ASV18946","Bacteria","Proteobacteria","Gammaproteobacteria","Pseudomonadales","Pseudomonadaceae","Pseudomonas",NA
"ASV18951","Bacteria","Proteobacteria",NA,NA,NA,NA,NA
"ASV18991","Bacteria","Proteobacteria","Gammaproteobacteria","Xanthomonadales","Xanthomonadaceae","Stenotrophomonas",NA
"ASV19080","Bacteria","Proteobacteria",NA,NA,NA,NA,NA
"ASV19082","Bacteria","Proteobacteria","Gammaproteobacteria","Burkholderiales","Comamonadaceae","Rhodoferax",NA
"ASV19142","Bacteria","Bacteroidota","Ignavibacteria","SJA-28",NA,NA,NA
"ASV19143","Bacteria","Chloroflexi","Chloroflexia","Thermomicrobiales","JG30-KF-CM45",NA,NA
"ASV19165","Bacteria","Proteobacteria",NA,NA,NA,NA,NA
"ASV19350","Bacteria","Bacteroidota","Bacteroidia","Flavobacteriales","Flavobacteriaceae","Flavobacterium",NA
"ASV19363","Bacteria","Actinobacteriota","Actinobacteria","Micrococcales","Microbacteriaceae","Aurantimicrobium",NA
"ASV19388","Bacteria","Proteobacteria",NA,NA,NA,NA,NA
"ASV19398","Bacteria","Firmicutes","Bacilli","Lactobacillales","Aerococcaceae","Aerococcus","suis"
"ASV19435","Bacteria","Bdellovibrionota","Bdellovibrionia","Bacteriovoracales","Bacteriovoracaceae","Bacteriovorax",NA
"ASV19439","Bacteria","Proteobacteria","Gammaproteobacteria","Burkholderiales","Comamonadaceae","Rhodoferax",NA
"ASV19482","Bacteria","Proteobacteria",NA,NA,NA,NA,NA
"ASV19485","Bacteria","Proteobacteria",NA,NA,NA,NA,NA
"ASV19486","Bacteria","Proteobacteria","Alphaproteobacteria","Rickettsiales",NA,NA,NA
"ASV19491","Bacteria","Proteobacteria","Gammaproteobacteria","Pseudomonadales","Saccharospirillaceae","Reinekea","blandensis"
"ASV19521","Bacteria","Cyanobacteria","Cyanobacteriia","Cyanobacteriales","Cyanobacteriaceae","Geminocystis PCC-6308",NA
"ASV19523","Bacteria","Proteobacteria","Alphaproteobacteria","Rhizobiales","Xanthobacteraceae",NA,NA
"ASV19531","Bacteria","Verrucomicrobiota","Verrucomicrobiae","Pedosphaerales","Pedosphaeraceae",NA,NA
"ASV19532","Bacteria","Bacteroidota","Bacteroidia","Flavobacteriales","Weeksellaceae","Bergeyella",NA
"ASV19534","Bacteria","Proteobacteria",NA,NA,NA,NA,NA
"ASV19568","Bacteria","Proteobacteria",NA,NA,NA,NA,NA
"ASV19575","Bacteria","Bdellovibrionota","Bdellovibrionia","Bacteriovoracales","Bacteriovoracaceae","Peredibacter",NA
"ASV19601","Bacteria","Proteobacteria",NA,NA,NA,NA,NA
"ASV19625","Bacteria","Proteobacteria","Gammaproteobacteria","Burkholderiales","Oxalobacteraceae","Herbaspirillum",NA
"ASV19793","Bacteria","Proteobacteria",NA,NA,NA,NA,NA
"ASV19800","Bacteria","Proteobacteria",NA,NA,NA,NA,NA
"ASV19809","Bacteria","Proteobacteria",NA,NA,NA,NA,NA
"ASV19890","Bacteria","Verrucomicrobiota","Omnitrophia","Omnitrophales",NA,NA,NA
"ASV19912","Bacteria","Patescibacteria","Parcubacteria","Candidatus Nomurabacteria",NA,NA,NA
"ASV20032","Bacteria","Patescibacteria","Gracilibacteria","Candidatus Peribacteria",NA,NA,NA
"ASV20101","Bacteria","Bdellovibrionota","Bdellovibrionia","Bdellovibrionales","Bdellovibrionaceae","Bdellovibrio",NA
"ASV20169","Bacteria","Bacteroidota","Bacteroidia","Flavobacteriales","Flavobacteriaceae","Flavobacterium",NA
"ASV20184","Bacteria","Proteobacteria",NA,NA,NA,NA,NA
"ASV20339","Bacteria","Proteobacteria","Gammaproteobacteria","Diplorickettsiales","Diplorickettsiaceae",NA,NA
"ASV20547","Bacteria","Proteobacteria","Alphaproteobacteria","Holosporales","Holosporaceae",NA,NA
"ASV20551","Bacteria","Proteobacteria","Gammaproteobacteria","Xanthomonadales","Xanthomonadaceae","Stenotrophomonas",NA
"ASV20686","Bacteria","Proteobacteria",NA,NA,NA,NA,NA
"ASV20706","Bacteria","Proteobacteria","Alphaproteobacteria","Azospirillales","Inquilinaceae","Inquilinus",NA
"ASV20942","Bacteria","Proteobacteria","Gammaproteobacteria","Burkholderiales","Nitrosomonadaceae","Ellin6067",NA
"ASV20943","Bacteria","Firmicutes","Negativicutes","Veillonellales-Selenomonadales","Sporomusaceae",NA,NA
"ASV21026","Bacteria","Proteobacteria","Gammaproteobacteria","Legionellales","Legionellaceae","Legionella",NA
"ASV21028","Bacteria","Proteobacteria",NA,NA,NA,NA,NA
"ASV21032","Bacteria","Proteobacteria",NA,NA,NA,NA,NA
"ASV21033","Bacteria","Proteobacteria",NA,NA,NA,NA,NA
"ASV21252","Bacteria","Bacteroidota","Bacteroidia","Sphingobacteriales","env.OPS 17",NA,NA
"ASV21426","Bacteria","Firmicutes","Clostridia","Clostridiales","Clostridiaceae","Clostridium sensu stricto 1",NA
"ASV21430","Bacteria","Proteobacteria",NA,NA,NA,NA,NA
"ASV21707","Bacteria","Proteobacteria",NA,NA,NA,NA,NA
"ASV21718","Bacteria","Proteobacteria","Gammaproteobacteria","Burkholderiales","Comamonadaceae","Acidovorax",NA
"ASV21725","Bacteria","Firmicutes","Bacilli","Staphylococcales","Staphylococcaceae","Staphylococcus",NA
"ASV21750","Bacteria","Proteobacteria","Gammaproteobacteria","Burkholderiales","Chitinibacteraceae","Chitinibacter",NA
"ASV21895","Bacteria","Bacteroidota","Bacteroidia","Chitinophagales","Saprospiraceae",NA,NA
"ASV22116","Bacteria","Actinobacteriota","Actinobacteria","Frankiales","Sporichthyaceae",NA,NA
"ASV22121","Archaea","Nanoarchaeota","Nanoarchaeia","Woesearchaeales",NA,NA,NA
"ASV22126","Bacteria","Verrucomicrobiota","Verrucomicrobiae","Verrucomicrobiales","DEV007",NA,NA
"ASV22144","Archaea","Nanoarchaeota","Nanoarchaeia","Woesearchaeales",NA,NA,NA
"ASV22207","Bacteria","Bdellovibrionota","Bdellovibrionia","Bdellovibrionales","Bdellovibrionaceae","Bdellovibrio",NA
"ASV22222","Bacteria","Bacteroidota","Bacteroidia","Sphingobacteriales","NS11-12 marine group",NA,NA
"ASV22237","Bacteria","Proteobacteria",NA,NA,NA,NA,NA
"ASV22265","Bacteria","Proteobacteria","Alphaproteobacteria","Micropepsales","Micropepsaceae",NA,NA
"ASV22305","Bacteria","Proteobacteria","Alphaproteobacteria","Rhizobiales","Hyphomicrobiaceae","Hyphomicrobium",NA
"ASV22306","Archaea","Nanoarchaeota","Nanoarchaeia","Woesearchaeales",NA,NA,NA
"ASV22364","Archaea","Nanoarchaeota","Nanoarchaeia","Woesearchaeales","CG1-02-57-44",NA,NA
"ASV22369","Bacteria","Proteobacteria",NA,NA,NA,NA,NA
"ASV22621","Bacteria","Proteobacteria",NA,NA,NA,NA,NA
"ASV22624","Bacteria","Planctomycetota","Planctomycetes","Isosphaerales","Isosphaeraceae","Aquisphaera",NA
"ASV22634","Bacteria","Chloroflexi","Ktedonobacteria","Ktedonobacterales","Ktedonobacteraceae",NA,NA
"ASV22640","Bacteria","Chloroflexi","Ktedonobacteria","B12-WMSP1",NA,NA,NA
"ASV22641","Bacteria","Proteobacteria",NA,NA,NA,NA,NA
"ASV22731","Bacteria","Proteobacteria",NA,NA,NA,NA,NA
"ASV22774","Bacteria","Myxococcota","Polyangia","Polyangiales","Polyangiaceae","Pajaroellobacter",NA
"ASV22781","Bacteria","Proteobacteria",NA,NA,NA,NA,NA
"ASV22782","Bacteria","Bacteroidota","Bacteroidia","Chitinophagales","Chitinophagaceae",NA,NA
"ASV22789","Bacteria","Proteobacteria",NA,NA,NA,NA,NA
"ASV22802","Bacteria","Planctomycetota","Planctomycetes","Gemmatales","Gemmataceae","Fimbriiglobus",NA
"ASV22872","Bacteria","Proteobacteria",NA,NA,NA,NA,NA
"ASV22877","Bacteria","Proteobacteria",NA,NA,NA,NA,NA
"ASV22916","Bacteria","Proteobacteria","Alphaproteobacteria","Rickettsiales","Candidatus Hepatincola",NA,NA
"ASV22942","Bacteria","Desulfobacterota","Desulfobacteria","Desulfobacterales","Desulfosarcinaceae",NA,NA
"ASV22970","Bacteria","Proteobacteria",NA,NA,NA,NA,NA
"ASV22987","Bacteria","Proteobacteria",NA,NA,NA,NA,NA
"ASV22989","Bacteria","Proteobacteria",NA,NA,NA,NA,NA
"ASV22995","Bacteria","Proteobacteria",NA,NA,NA,NA,NA
"ASV23017","Bacteria","Proteobacteria",NA,NA,NA,NA,NA
"ASV23080","Bacteria","Bacteroidota","Bacteroidia","Flavobacteriales","Flavobacteriaceae","Flavobacterium",NA
"ASV23088","Bacteria","Proteobacteria","Gammaproteobacteria","Pseudomonadales","Moraxellaceae","Acinetobacter",NA
"ASV23111","Bacteria","Firmicutes","Bacilli","Exiguobacterales","Exiguobacteraceae","Exiguobacterium",NA
"ASV23184","Bacteria","Proteobacteria",NA,NA,NA,NA,NA
"ASV23190","Bacteria","Proteobacteria",NA,NA,NA,NA,NA
"ASV23252","Bacteria","Planctomycetota","Phycisphaerae","Tepidisphaerales","WD2101 soil group",NA,NA
"ASV23311","Bacteria","Proteobacteria","Alphaproteobacteria","Rickettsiales",NA,NA,NA
"ASV23319","Bacteria","Proteobacteria",NA,NA,NA,NA,NA
"ASV23361","Bacteria","Verrucomicrobiota","Verrucomicrobiae","Pedosphaerales","Pedosphaeraceae","ADurb.Bin118",NA
"ASV23362","Bacteria","Verrucomicrobiota","Verrucomicrobiae","LD1-PB3",NA,NA,NA
"ASV23368","Bacteria","Chloroflexi","Dehalococcoidia","FW22",NA,NA,NA
"ASV23370","Bacteria","Actinobacteriota","Thermoleophilia","Gaiellales",NA,NA,NA
"ASV23374","Bacteria","Fibrobacterota","Fibrobacteria","Fibrobacterales","B122",NA,NA
"ASV23378","Bacteria","Elusimicrobiota","Endomicrobia","Endomicrobiales","Endomicrobiaceae","Endomicrobium",NA
"ASV23379","Bacteria","Spirochaetota","Leptospirae","Leptospirales","Leptospiraceae","RBG-16-49-21",NA
"ASV23429","Bacteria","Proteobacteria",NA,NA,NA,NA,NA
"ASV23433","Bacteria","Proteobacteria",NA,NA,NA,NA,NA
"ASV23484","Bacteria","Proteobacteria",NA,NA,NA,NA,NA
"ASV23527","Bacteria","Proteobacteria",NA,NA,NA,NA,NA
"ASV23536","Bacteria","Proteobacteria",NA,NA,NA,NA,NA
"ASV23540","Bacteria","Proteobacteria",NA,NA,NA,NA,NA
"ASV23555","Bacteria","Proteobacteria",NA,NA,NA,NA,NA
"ASV23561","Bacteria","Proteobacteria",NA,NA,NA,NA,NA
"ASV23586","Bacteria","Proteobacteria","Gammaproteobacteria","Burkholderiales",NA,NA,NA
"ASV23599","Bacteria","Verrucomicrobiota","Kiritimatiellae","WCHB1-41",NA,NA,NA
"ASV23602","Bacteria","Bacteroidota","Kryptonia","Kryptoniales","BSV26",NA,NA
"ASV23609","Bacteria","Proteobacteria",NA,NA,NA,NA,NA
"ASV23610","Bacteria","Bacteroidota","Bacteroidia","Sphingobacteriales","Lentimicrobiaceae",NA,NA
"ASV23617","Bacteria","Planctomycetota","Phycisphaerae","Tepidisphaerales","WD2101 soil group",NA,NA
"ASV23628","Bacteria","Proteobacteria",NA,NA,NA,NA,NA
"ASV23634","Bacteria","Proteobacteria",NA,NA,NA,NA,NA
"ASV23663","Bacteria","Proteobacteria","Gammaproteobacteria","Enterobacterales","Aeromonadaceae","Aeromonas",NA
"ASV23679","Bacteria","Proteobacteria",NA,NA,NA,NA,NA
"ASV23688","Bacteria","Proteobacteria",NA,NA,NA,NA,NA
"ASV23854","Bacteria","Proteobacteria",NA,NA,NA,NA,NA
"ASV23870","Bacteria","Proteobacteria","Alphaproteobacteria","Acetobacterales","Acetobacteraceae",NA,NA
"ASV23872","Bacteria","Proteobacteria",NA,NA,NA,NA,NA
"ASV23873","Bacteria","Proteobacteria","Alphaproteobacteria","Rhizobiales","Hyphomicrobiaceae",NA,NA
